377.000
511.000
100
16.000 22.000
16.000 26.000
25.000 20.000
19.000 28.000
19.000 29.000
24.000 26.000
16.000 41.000
37.000 19.000
18.000 40.000
22.000 33.000
29.000 26.000
23.000 33.000
35.000 22.000
18.000 47.000
39.000 22.000
40.000 22.000
34.000 26.000
37.000 24.000
43.000 21.000
23.000 40.000
58.000 16.000
18.000 52.000
51.000 19.000
20.000 49.000
23.000 44.000
27.000 38.000
17.000 63.000
18.000 61.000
17.000 67.000
19.000 60.000
32.000 36.000
31.000 38.000
20.000 60.000
28.000 45.000
33.000 39.000
57.000 23.000
62.000 22.000
64.000 22.000
33.000 43.000
54.000 27.000
54.000 27.000
67.000 22.000
55.000 27.000
62.000 24.000
57.000 27.000
50.000 31.000
34.000 46.000
38.000 42.000
36.000 45.000
65.000 25.000
34.000 49.000
61.000 28.000
39.000 44.000
44.000 40.000
42.000 42.000
39.000 46.000
53.000 34.000
56.000 33.000
50.000 37.000
56.000 34.000
49.000 39.000
50.000 40.000
57.000 36.000
56.000 37.000
54.000 39.000
67.000 32.000
33.000 65.000
57.000 38.000
55.000 40.000
65.000 35.000
53.000 43.000
59.000 39.000
47.000 50.000
65.000 37.000
59.000 41.000
45.000 54.000
51.000 48.000
60.000 41.000
67.000 37.000
67.000 39.000
66.000 40.000
57.000 47.000
63.000 43.000
57.000 48.000
61.000 46.000
52.000 55.000
66.000 44.000
65.000 47.000
65.000 47.000
59.000 52.000
62.000 50.000
57.000 56.000
64.000 50.000
66.000 49.000
63.000 52.000
62.000 53.000
61.000 61.000
66.000 57.000
61.000 67.000
61.000 67.000

0.000 0.000
42.000 0.000
16.000 0.000
172.000 0.000
191.000 0.000
210.000 0.000
42.000 26.000
172.000 29.000
0.000 179.000
236.000 0.000
0.000 361.000
258.000 0.000
281.000 0.000
18.000 179.000
197.000 361.000
197.000 383.000
29.000 361.000
172.000 48.000
236.000 33.000
237.000 361.000
0.000 67.000
36.000 179.000
0.000 231.000
54.000 179.000
293.000 33.000
209.000 29.000
113.000 179.000
130.000 179.000
148.000 179.000
74.000 179.000
172.000 134.000
172.000 170.000
93.000 179.000
0.000 85.000
172.000 208.000
236.000 54.000
64.000 85.000
64.000 107.000
172.000 247.000
58.000 0.000
58.000 27.000
0.000 387.000
112.000 0.000
0.000 130.000
112.000 27.000
58.000 54.000
65.000 130.000
133.000 85.000
28.000 85.000
0.000 154.000
99.000 130.000
108.000 54.000
133.000 127.000
272.000 134.000
0.000 22.000
272.000 174.000
0.000 250.000
54.000 250.000
272.000 220.000
110.000 250.000
272.000 257.000
324.000 220.000
0.000 323.000
57.000 323.000
0.000 284.000
205.000 134.000
172.000 290.000
113.000 323.000
54.000 283.000
205.000 166.000
324.000 260.000
110.000 284.000
260.000 361.000
205.000 201.000
316.000 134.000
324.000 303.000
260.000 411.000
316.000 175.000
205.000 238.000
205.000 275.000
205.000 314.000
260.000 459.000
197.000 405.000
317.000 459.000
311.000 411.000
272.000 296.000
307.000 361.000
67.000 361.000
132.000 361.000
0.000 409.000
0.000 461.000
197.000 448.000
62.000 409.000
126.000 409.000
62.000 459.000
126.000 458.000
172.000 72.000
236.000 77.000
316.000 0.000
316.000 67.000



0 2 -5 54 -5 1 6 -5 -5 20 -5 39 40 -5 42 44 -5 -5 45 51 -5 -5 -5 33 48 -5 36 37 -5 -5 43 49 -5 46 50 -5 -5 -5 47 52 -5 -5 -5 8 13 -5 21 -5 22 -5 23 29 -5 32 -5 -5 26 27 -5 28 -5 -5 -5 56 64 -5 57 68 -5 -5 59 71 -5 -5 62 63 -5 67 -5 -5 -5 3 4 -5 5 -5 7 17 -5 25 -5 -5 96 -5 9 11 -5 12 -5 18 35 -5 24 -5 -5 97 -5 -5 98 99 -5 -5 30 31 -5 34 38 -5 -5 66 -5 65 69 -5 73 -5 78 -5 79 -5 80 -5 -5 53 55 -5 74 77 -5 -5 58 60 -5 85 -5 61 70 -5 75 -5 -5 -5 -5 -5 -5 10 16 -5 41 -5 87 -5 88 -5 89 90 -5 92 94 -5 -5 93 95 -5 -5 -5 14 15 -5 19 -5 82 -5 91 -5 72 86 -5 76 84 -5 -5 81 83 -5 -5 -5 -5 -5 
