538.478
333.349
100
18.003 19.552
21.277 19.552
17.422 28.700
18.537 28.700
16.862 32.677
19.096 32.677
35.958 18.243
35.956 19.552
37.462 19.220
37.774 19.220
29.073 25.935
29.266 25.935
29.690 25.935
28.567 29.615
28.972 29.615
28.446 30.936
28.575 30.936
28.704 30.936
30.491 29.615
37.163 24.756
37.163 24.971
37.163 25.187
42.620 22.736
43.104 22.736
37.163 27.232
37.163 27.608
27.646 38.740
28.343 38.740
36.512 31.195
36.544 31.195
29.736 38.740
36.190 32.550
36.866 32.550
37.163 33.905
32.630 39.443
32.630 40.178
44.521 30.637
44.349 31.749
44.349 31.996
45.022 32.384
45.022 32.384
44.521 33.108
45.022 32.984
45.022 33.051
45.022 34.184
45.022 34.428
45.022 34.739
45.022 35.450
43.947 36.863
44.083 36.863
55.079 30.247
55.079 31.010
55.079 31.155
56.883 30.941
56.883 31.011
56.883 31.539
56.883 31.679
60.022 30.789
60.022 30.822
60.022 31.722
60.022 31.838
58.325 34.291
58.580 35.029
58.580 35.370
58.325 36.108
58.439 36.688
58.466 36.688
57.997 37.347
58.908 37.347
58.930 38.605
58.930 38.673
60.186 38.232
60.186 39.046
63.201 38.053
62.986 38.405
63.273 38.405
62.975 38.872
63.284 38.872
63.201 39.224
67.976 38.440
67.976 38.837
66.785 40.114
66.785 40.563
66.785 40.967
66.785 42.015
68.588 41.698
68.588 42.340
75.236 40.606
75.236 40.606
66.744 45.967
66.744 46.446
78.835 40.490
78.835 40.591
78.835 41.023
78.835 41.555
75.236 43.676
80.974 45.953
80.974 46.459
49.945 81.830
49.945 81.830

0.000 0.000
18.003 0.000
75.236 0.000
92.657 0.000
75.236 28.700
92.098 28.700
75.236 61.377
39.280 0.000
0.000 19.552
37.462 19.552
0.000 240.937
29.073 240.937
58.339 240.937
0.000 266.871
28.567 266.871
209.853 240.937
238.299 240.937
266.873 240.937
57.538 266.871
143.824 0.000
143.824 24.756
143.824 49.727
209.853 271.873
252.473 271.873
143.824 74.914
143.824 102.146
209.853 294.609
237.499 294.609
376.552 0.000
413.064 0.000
265.841 294.609
376.552 31.195
412.742 31.195
143.824 129.754
111.194 0.000
111.194 39.443
449.608 0.000
494.130 0.000
494.130 31.749
376.552 63.745
376.552 96.129
449.608 30.637
376.552 128.514
376.552 161.498
376.552 194.549
376.552 228.733
376.552 263.161
376.552 297.899
0.000 296.486
43.947 296.486
88.029 240.937
88.029 271.184
88.029 302.194
421.573 63.745
421.573 94.686
421.573 125.697
421.573 157.236
478.456 63.745
478.456 94.534
478.456 125.355
478.456 157.077
421.573 188.915
479.898 188.915
479.898 223.944
421.573 223.206
421.573 259.314
480.012 259.314
421.573 296.002
479.571 296.002
0.000 163.659
0.000 202.264
58.930 163.659
58.930 201.891
119.116 163.659
250.293 163.659
313.279 163.659
250.293 202.064
313.268 202.064
119.116 201.712
182.317 163.659
182.317 202.099
230.932 0.000
230.932 82.129
230.932 122.692
230.932 40.114
75.236 79.621
75.236 121.319
0.000 82.448
0.000 123.053
143.109 240.937
143.109 286.903
297.717 0.000
297.717 40.490
297.717 81.081
297.717 122.104
0.000 38.772
295.578 240.937
295.578 286.890
180.986 0.000
180.986 81.830



0 1 -5 7 -5 8 9 -5 -5 95 -5 87 88 -5 -5 2 3 -5 4 5 -5 6 -5 -5 34 35 -5 -5 85 86 -5 -5 19 20 -5 21 -5 24 25 -5 33 -5 -5 98 99 -5 -5 81 84 -5 82 83 -5 -5 -5 91 92 -5 93 94 -5 -5 -5 -5 -5 69 70 -5 71 72 -5 -5 73 78 -5 79 80 -5 -5 74 75 -5 76 77 -5 -5 -5 -5 -5 10 11 -5 12 -5 13 14 -5 18 -5 -5 48 49 -5 -5 50 51 -5 52 -5 89 90 -5 -5 -5 15 16 -5 17 -5 22 23 -5 -5 26 27 -5 30 -5 -5 96 97 -5 -5 -5 -5 28 29 -5 31 32 -5 -5 36 41 -5 37 38 -5 -5 -5 39 40 -5 42 43 -5 -5 44 45 -5 46 47 -5 -5 -5 53 54 -5 55 56 -5 -5 57 58 -5 59 60 -5 -5 -5 61 64 -5 62 63 -5 -5 65 66 -5 67 68 -5 -5 -5 -5 -5 -5 -5 
