100
1419 0.5 2
2405 0.5 2
1802 0.5 2
2479 0.5 2
551 0.5 2
1911 0.5 2
720 0.5 2
880 0.5 2
3100 0.5 2
656 0.5 2
936 0.5 2
2301 0.5 2
1708 0.5 2
2736 0.5 2
2709 0.5 2
3068 0.5 2
2052 0.5 2
2904 0.5 2
2448 0.5 2
1550 0.5 2
703 0.5 2
3200 0.5 2
1666 0.5 2
980 0.5 2
1260 0.5 2
2106 0.5 2
2200 0.5 2
1625 0.5 2
1794 0.5 2
1488 0.5 2
624 0.5 2
884 0.5 2
2279 0.5 2
770 0.5 2
1458 0.5 2
1178 0.5 2
2613 0.5 2
1200 0.5 2
1311 0.5 2
2860 0.5 2
754 0.5 2
1485 0.5 2
3286 0.5 2
2806 0.5 2
3055 0.5 2
1012 0.5 2
858 0.5 2
2145 0.5 2
1539 0.5 2
3055 0.5 2
2144 0.5 2
2166 0.5 2
2430 0.5 2
903 0.5 2
1098 0.5 2
1904 0.5 2
1071 0.5 2
846 0.5 2
1564 0.5 2
1850 0.5 2
920 0.5 2
759 0.5 2
1140 0.5 2
1620 0.5 2
2350 0.5 2
3192 0.5 2
4087 0.5 2
1760 0.5 2
3276 0.5 2
1458 0.5 2
1764 0.5 2
1408 0.5 2
3721 0.5 2
4087 0.5 2
1596 0.5 2
532 0.5 2
726 0.5 2
3762 0.5 2
1152 0.5 2
2460 0.5 2
928 0.5 2
2000 0.5 2
2679 0.5 2
352 0.5 2
1474 0.5 2
500 0.5 2
2072 0.5 2
1716 0.5 2
888 0.5 2
1026 0.5 2
1287 0.5 2
1848 0.5 2
416 0.5 2
2275 0.5 2
2419 0.5 2
969 0.5 2
2640 0.5 2
1139 0.5 2
1364 0.5 2
3234 0.5 2
