200
576 0.5 2
741 0.5 2
1435 0.5 2
846 0.5 2
832 0.5 2
1085 0.5 2
377 0.5 2
588 0.5 2
480 0.5 2
1564 0.5 2
1440 0.5 2
504 0.5 2
1512 0.5 2
2160 0.5 2
375 0.5 2
2070 0.5 2
396 0.5 2
858 0.5 2
646 0.5 2
360 0.5 2
924 0.5 2
1716 0.5 2
1014 0.5 2
1000 0.5 2
375 0.5 2
1296 0.5 2
1075 0.5 2
510 0.5 2
1748 0.5 2
444 0.5 2
459 0.5 2
592 0.5 2
736 0.5 2
648 0.5 2
722 0.5 2
495 0.5 2
336 0.5 2
336 0.5 2
858 0.5 2
1260 0.5 2
1148 0.5 2
256 0.5 2
836 0.5 2
1360 0.5 2
432 0.5 2
518 0.5 2
720 0.5 2
322 0.5 2
624 0.5 2
1240 0.5 2
1386 0.5 2
1296 0.5 2
999 0.5 2
306 0.5 2
688 0.5 2
598 0.5 2
550 0.5 2
912 0.5 2
779 0.5 2
2116 0.5 2
1050 0.5 2
1122 0.5 2
1665 0.5 2
525 0.5 2
2256 0.5 2
990 0.5 2
961 0.5 2
1628 0.5 2
840 0.5 2
722 0.5 2
504 0.5 2
1428 0.5 2
1122 0.5 2
684 0.5 2
522 0.5 2
621 0.5 2
168 0.5 2
384 0.5 2
1118 0.5 2
703 0.5 2
210 0.5 2
640 0.5 2
1056 0.5 2
703 0.5 2
1591 0.5 2
1776 0.5 2
576 0.5 2
855 0.5 2
1204 0.5 2
420 0.5 2
1080 0.5 2
1232 0.5 2
1008 0.5 2
903 0.5 2
240 0.5 2
900 0.5 2
1125 0.5 2
700 0.5 2
416 0.5 2
740 0.5 2
675 0.5 2
1920 0.5 2
950 0.5 2
1024 0.5 2
900 0.5 2
1302 0.5 2
1326 0.5 2
720 0.5 2
396 0.5 2
264 0.5 2
1012 0.5 2
234 0.5 2
828 0.5 2
1204 0.5 2
741 0.5 2
1110 0.5 2
1554 0.5 2
888 0.5 2
1365 0.5 2
864 0.5 2
675 0.5 2
1440 0.5 2
1290 0.5 2
455 0.5 2
507 0.5 2
504 0.5 2
1064 0.5 2
528 0.5 2
900 0.5 2
2024 0.5 2
1980 0.5 2
720 0.5 2
608 0.5 2
168 0.5 2
464 0.5 2
555 0.5 2
456 0.5 2
396 0.5 2
660 0.5 2
1023 0.5 2
192 0.5 2
850 0.5 2
1242 0.5 2
2024 0.5 2
725 0.5 2
1530 0.5 2
1122 0.5 2
372 0.5 2
425 0.5 2
484 0.5 2
390 0.5 2
432 0.5 2
1089 0.5 2
480 0.5 2
1848 0.5 2
156 0.5 2
798 0.5 2
504 0.5 2
476 0.5 2
864 0.5 2
432 0.5 2
589 0.5 2
360 0.5 2
2162 0.5 2
864 0.5 2
1353 0.5 2
432 0.5 2
658 0.5 2
925 0.5 2
1288 0.5 2
990 0.5 2
1190 0.5 2
775 0.5 2
924 0.5 2
500 0.5 2
408 0.5 2
320 0.5 2
651 0.5 2
320 0.5 2
1845 0.5 2
399 0.5 2
630 0.5 2
396 0.5 2
592 0.5 2
380 0.5 2
572 0.5 2
624 0.5 2
528 0.5 2
960 0.5 2
620 0.5 2
1258 0.5 2
1554 0.5 2
616 0.5 2
1806 0.5 2
1806 0.5 2
900 0.5 2
624 0.5 2
1645 0.5 2
880 0.5 2
1360 0.5 2
