342.000
547.000
200
13.000 12.000
14.000 12.000
12.000 14.000
16.000 12.000
14.000 15.000
18.000 13.000
15.000 16.000
16.000 16.000
22.000 12.000
18.000 17.000
20.000 16.000
20.000 16.000
14.000 23.000
28.000 12.000
21.000 16.000
30.000 12.000
30.000 12.000
31.000 12.000
15.000 25.000
15.000 25.000
13.000 29.000
20.000 19.000
24.000 16.000
13.000 30.000
33.000 12.000
22.000 18.000
22.000 18.000
33.000 12.000
21.000 19.000
34.000 12.000
26.000 16.000
35.000 12.000
25.000 17.000
36.000 12.000
36.000 12.000
27.000 16.000
27.000 16.000
37.000 12.000
35.000 13.000
19.000 24.000
27.000 17.000
29.000 16.000
28.000 17.000
40.000 12.000
32.000 15.000
22.000 22.000
33.000 15.000
25.000 20.000
28.000 18.000
42.000 12.000
36.000 14.000
36.000 14.000
39.000 13.000
34.000 15.000
37.000 14.000
29.000 18.000
35.000 15.000
22.000 24.000
22.000 24.000
22.000 25.000
37.000 15.000
44.000 13.000
24.000 24.000
36.000 16.000
28.000 21.000
19.000 31.000
37.000 16.000
37.000 16.000
13.000 46.000
38.000 16.000
28.000 22.000
20.000 31.000
27.000 23.000
26.000 24.000
39.000 16.000
13.000 48.000
42.000 15.000
20.000 32.000
19.000 34.000
36.000 18.000
21.000 31.000
14.000 47.000
22.000 30.000
27.000 25.000
45.000 15.000
38.000 18.000
43.000 16.000
28.000 25.000
19.000 37.000
19.000 37.000
45.000 16.000
20.000 36.000
48.000 15.000
38.000 19.000
38.000 19.000
29.000 25.000
23.000 32.000
20.000 37.000
39.000 19.000
39.000 19.000
25.000 31.000
41.000 19.000
42.000 19.000
46.000 18.000
26.000 32.000
44.000 19.000
24.000 35.000
18.000 47.000
25.000 34.000
45.000 19.000
26.000 33.000
26.000 33.000
24.000 36.000
27.000 32.000
24.000 36.000
22.000 40.000
24.000 37.000
25.000 36.000
25.000 36.000
25.000 36.000
25.000 36.000
43.000 21.000
48.000 19.000
28.000 33.000
42.000 22.000
37.000 25.000
38.000 25.000
40.000 24.000
31.000 31.000
33.000 30.000
45.000 22.000
37.000 27.000
40.000 25.000
42.000 24.000
44.000 23.000
26.000 39.000
33.000 31.000
32.000 32.000
35.000 30.000
33.000 32.000
38.000 28.000
43.000 25.000
45.000 24.000
35.000 31.000
33.000 33.000
37.000 30.000
43.000 26.000
34.000 33.000
33.000 34.000
34.000 33.000
45.000 25.000
41.000 28.000
35.000 34.000
43.000 28.000
43.000 28.000
44.000 28.000
31.000 40.000
27.000 46.000
34.000 37.000
42.000 30.000
46.000 28.000
43.000 30.000
48.000 27.000
36.000 36.000
31.000 42.000
34.000 39.000
41.000 33.000
34.000 40.000
34.000 40.000
35.000 39.000
42.000 33.000
34.000 42.000
35.000 41.000
32.000 45.000
45.000 32.000
36.000 42.000
34.000 45.000
37.000 42.000
37.000 42.000
34.000 46.000
43.000 37.000
37.000 44.000
35.000 47.000
37.000 45.000
39.000 44.000
46.000 38.000
37.000 48.000
42.000 43.000
42.000 43.000
41.000 45.000
44.000 42.000
40.000 48.000
44.000 45.000
44.000 46.000
44.000 46.000
46.000 45.000
46.000 46.000
48.000 45.000
47.000 46.000
47.000 48.000

0.000 0.000
13.000 0.000
0.000 12.000
12.000 12.000
0.000 26.000
111.000 0.000
14.000 26.000
29.000 0.000
111.000 106.000
111.000 13.000
0.000 42.000
0.000 58.000
29.000 16.000
133.000 106.000
20.000 42.000
161.000 106.000
191.000 106.000
221.000 106.000
111.000 30.000
126.000 30.000
129.000 0.000
0.000 230.000
20.000 58.000
142.000 0.000
0.000 205.000
20.000 230.000
0.000 249.000
33.000 205.000
22.000 249.000
66.000 205.000
111.000 118.000
0.000 217.000
191.000 118.000
111.000 135.000
147.000 135.000
137.000 118.000
164.000 118.000
183.000 135.000
111.000 161.000
157.000 0.000
216.000 118.000
310.000 106.000
243.000 118.000
229.000 135.000
111.000 174.000
0.000 314.000
111.000 190.000
176.000 0.000
310.000 122.000
229.000 147.000
111.000 147.000
147.000 147.000
146.000 161.000
144.000 190.000
183.000 147.000
310.000 140.000
178.000 190.000
22.000 314.000
22.000 338.000
22.000 362.000
143.000 174.000
185.000 161.000
204.000 314.000
180.000 174.000
22.000 387.000
249.000 0.000
271.000 106.000
271.000 122.000
50.000 387.000
271.000 138.000
22.000 408.000
268.000 0.000
100.000 205.000
204.000 338.000
271.000 154.000
63.000 387.000
229.000 159.000
268.000 31.000
249.000 31.000
64.000 314.000
0.000 376.000
310.000 158.000
0.000 407.000
127.000 205.000
213.000 190.000
64.000 332.000
216.000 174.000
154.000 205.000
64.000 350.000
83.000 350.000
259.000 174.000
44.000 314.000
258.000 190.000
0.000 437.000
38.000 437.000
182.000 205.000
154.000 314.000
44.000 350.000
76.000 437.000
115.000 437.000
288.000 0.000
154.000 346.000
154.000 365.000
111.000 55.000
313.000 0.000
249.000 65.000
102.000 314.000
324.000 158.000
204.000 362.000
293.000 65.000
288.000 32.000
314.000 32.000
126.000 314.000
177.000 314.000
126.000 350.000
0.000 336.000
102.000 349.000
154.000 384.000
179.000 384.000
154.000 420.000
179.000 420.000
257.000 314.000
201.000 0.000
229.000 362.000
249.000 84.000
76.000 387.000
76.000 412.000
114.000 387.000
45.000 0.000
111.000 74.000
291.000 84.000
300.000 314.000
114.000 411.000
157.000 24.000
199.000 24.000
86.000 230.000
144.000 74.000
177.000 74.000
0.000 106.000
209.000 74.000
300.000 341.000
157.000 48.000
211.000 205.000
35.000 106.000
45.000 71.000
257.000 369.000
200.000 48.000
0.000 137.000
78.000 71.000
0.000 170.000
256.000 205.000
204.000 399.000
76.000 0.000
204.000 427.000
247.000 427.000
245.000 399.000
45.000 31.000
230.000 314.000
76.000 34.000
294.000 369.000
290.000 399.000
257.000 335.000
290.000 427.000
154.000 230.000
0.000 456.000
112.000 230.000
34.000 137.000
191.000 230.000
191.000 270.000
225.000 230.000
34.000 170.000
225.000 271.000
260.000 230.000
0.000 269.000
0.000 74.000
259.000 271.000
76.000 106.000
295.000 230.000
295.000 272.000
76.000 151.000
43.000 230.000
154.000 266.000
0.000 499.000
32.000 269.000
69.000 269.000
108.000 269.000
35.000 499.000
73.000 456.000
31.000 456.000
159.000 456.000
115.000 456.000
72.000 499.000
200.000 456.000
159.000 501.000
203.000 501.000
247.000 456.000
247.000 501.000
293.000 456.000
293.000 501.000
112.000 499.000



0 1 -5 2 3 -5 -5 4 6 -5 -5 7 12 -5 -5 10 11 -5 14 22 -5 -5 174 -5 -5 128 156 -5 152 158 -5 -5 144 148 -5 -5 -5 138 143 -5 147 149 -5 166 170 -5 -5 -5 176 179 -5 -5 -5 5 9 -5 20 -5 23 -5 18 19 -5 103 -5 -5 39 47 -5 122 -5 133 134 -5 141 146 -5 -5 -5 -5 129 136 -5 137 139 -5 -5 -5 65 78 -5 71 77 -5 -5 100 104 -5 110 111 -5 -5 -5 105 109 -5 -5 124 130 -5 -5 -5 8 13 -5 15 -5 16 -5 17 -5 30 35 -5 36 -5 32 40 -5 42 -5 -5 -5 33 34 -5 37 -5 50 51 -5 54 -5 -5 38 52 -5 61 -5 -5 43 49 -5 76 -5 -5 -5 66 67 -5 69 74 -5 -5 -5 44 60 -5 63 -5 86 90 -5 -5 -5 46 53 -5 56 -5 84 92 -5 -5 -5 41 48 -5 55 -5 81 107 -5 -5 -5 -5 -5 24 27 -5 29 -5 31 -5 72 83 -5 87 95 -5 -5 -5 142 150 -5 -5 -5 21 25 -5 26 28 -5 -5 180 -5 135 165 -5 -5 173 183 -5 184 185 -5 -5 -5 163 181 -5 -5 167 168 -5 -5 169 172 -5 171 175 -5 -5 177 178 -5 -5 -5 -5 45 115 -5 80 82 -5 -5 57 58 -5 59 -5 91 97 -5 -5 79 85 -5 88 89 -5 -5 -5 106 116 -5 112 114 -5 -5 -5 64 70 -5 68 75 -5 -5 125 126 -5 127 132 -5 -5 -5 -5 -5 93 94 -5 98 99 -5 -5 -5 96 113 -5 101 102 -5 -5 117 118 -5 119 120 -5 -5 -5 -5 62 73 -5 157 -5 108 123 -5 -5 121 161 -5 131 140 -5 -5 145 159 -5 -5 -5 151 155 -5 153 154 -5 -5 160 162 -5 -5 -5 -5 164 188 -5 187 190 -5 -5 182 186 191 -5 -5 199 -5 -5 189 192 -5 193 194 -5 -5 -5 195 197 -5 196 198 -5 -5 -5 -5 -5 
