437.257
401.815
200
16.632 9.379
17.911 9.379
10.181 16.501
11.636 16.501
12.727 16.501
14.412 16.237
14.781 16.237
14.372 17.813
14.821 17.813
19.549 15.653
20.443 15.653
19.934 16.053
20.059 16.053
20.869 16.100
20.869 16.100
26.741 13.462
26.741 13.462
13.816 26.925
24.768 15.141
24.768 15.141
24.999 15.081
24.999 15.201
22.064 17.404
22.064 17.676
23.850 16.603
23.850 16.603
23.850 16.603
23.850 16.603
23.005 17.344
23.005 17.736
27.611 15.067
27.611 15.211
27.611 15.392
26.832 16.100
28.640 15.084
26.832 16.100
28.640 15.084
28.640 15.503
29.998 15.168
29.998 15.201
29.998 15.301
20.582 22.544
20.582 23.127
23.804 20.165
23.804 20.165
23.804 20.333
30.130 16.429
30.130 16.595
18.217 27.666
24.925 20.221
24.925 20.221
24.925 20.221
18.326 27.666
18.434 27.666
30.130 17.192
30.130 17.325
20.816 25.221
20.935 25.221
20.935 25.221
16.854 32.634
17.007 32.634
30.363 18.839
31.053 18.549
31.053 18.549
31.547 18.639
31.601 18.639
31.574 18.750
31.574 18.750
31.743 18.839
33.860 17.956
33.860 18.192
33.192 18.679
33.192 18.709
33.540 18.605
33.380 18.694
33.380 18.694
33.540 18.784
18.974 33.731
19.107 33.809
19.166 33.809
19.300 33.731
35.252 18.666
35.252 18.722
28.203 23.933
28.203 23.933
28.663 23.864
28.663 24.003
26.573 26.343
28.433 24.725
28.433 24.725
29.151 24.699
29.525 24.386
29.151 24.699
29.151 24.768
29.151 24.768
29.525 24.556
29.525 24.928
29.525 25.064
34.544 21.451
34.544 21.451
22.476 34.481
22.592 34.481
30.293 26.343
24.691 33.535
24.810 33.535
24.691 33.858
24.809 33.858
24.692 34.263
24.809 34.263
35.985 23.760
24.750 34.666
24.750 34.666
36.364 23.760
36.364 23.760
36.364 23.760
35.631 24.697
35.955 24.697
36.269 24.815
36.269 24.815
36.269 24.815
36.269 24.815
36.562 24.697
36.927 24.697
36.006 25.662
36.006 25.662
36.045 25.662
37.019 25.662
40.558 23.670
40.558 23.695
29.368 33.710
29.368 33.710
29.353 34.034
29.383 34.034
29.193 34.529
29.543 34.255
29.543 34.323
41.294 24.774
41.334 24.774
42.384 24.774
42.626 24.774
38.725 27.476
41.044 26.191
41.235 26.191
41.064 26.422
41.215 26.422
40.383 27.487
40.674 27.487
42.708 26.272
42.651 26.307
42.651 26.307
42.708 26.342
41.782 27.476
43.311 27.476
43.519 27.666
43.820 27.476
39.368 31.294
40.558 30.574
39.368 31.548
40.069 31.396
40.069 31.446
39.688 32.453
39.749 32.453
39.719 32.630
39.719 32.630
41.065 31.706
45.817 28.942
42.509 31.828
42.509 31.993
42.509 31.993
42.509 32.111
45.817 30.251
44.894 31.809
44.894 31.965
44.894 32.076
44.894 32.076
49.767 30.382
46.784 32.704
47.518 32.704
47.518 32.704
47.823 32.704
45.068 35.302
49.780 32.704
50.300 32.704
57.119 29.150
57.119 30.043
38.274 45.670
38.887 45.670
57.104 31.627
57.104 31.627
57.104 32.310
57.104 32.362
48.490 39.596
50.005 39.596
52.133 38.824
52.133 38.824
52.133 39.706
62.685 33.756
62.685 34.458
62.685 34.490
52.133 43.274

0.000 0.000
16.632 0.000
0.000 9.379
10.181 9.379
21.817 9.379
68.404 0.000
82.816 0.000
68.404 16.237
82.776 16.237
0.000 136.323
19.549 136.323
0.000 151.976
19.934 151.976
0.000 241.186
20.869 241.186
351.631 136.323
351.631 149.785
378.372 136.323
0.000 273.890
0.000 289.030
24.768 273.890
24.768 288.970
392.188 136.323
392.188 153.727
0.000 257.286
23.850 257.286
47.701 257.286
71.551 257.286
414.252 136.323
414.252 153.667
0.000 195.515
0.000 210.582
0.000 225.793
41.738 241.186
27.611 195.515
68.570 241.186
27.611 210.599
27.611 225.683
56.251 195.515
56.251 210.683
56.251 225.885
86.249 195.515
86.249 218.059
49.767 273.890
49.767 294.054
49.767 314.219
0.000 68.783
0.000 85.211
0.000 334.552
73.571 273.890
73.571 294.110
73.571 314.331
18.217 334.552
36.543 334.552
0.000 101.806
0.000 118.998
98.495 273.890
119.311 273.890
140.246 273.890
34.544 0.000
51.397 0.000
176.640 0.000
176.640 18.839
207.692 18.839
238.745 0.000
270.292 0.000
238.745 18.639
270.319 18.639
207.002 0.000
34.544 32.634
34.544 50.590
301.893 0.000
301.893 18.679
370.337 0.000
403.877 0.000
403.877 18.694
370.337 18.605
30.130 68.783
30.130 102.514
49.238 102.514
49.104 68.783
335.086 0.000
335.086 18.666
176.640 37.388
176.640 61.322
204.843 37.388
204.843 61.252
176.640 85.255
176.640 111.598
205.073 111.598
233.506 37.388
262.656 37.388
233.506 62.088
233.506 86.787
233.506 111.555
262.656 61.775
262.656 86.331
262.656 111.259
0.000 25.880
0.000 47.332
392.188 171.403
414.665 171.403
203.213 85.255
127.140 0.000
151.830 0.000
127.140 33.535
151.831 33.535
127.140 67.394
151.831 67.394
292.181 37.388
127.140 101.656
151.890 101.656
364.530 37.388
328.166 37.388
400.893 37.388
292.181 86.811
327.812 86.811
292.181 111.508
364.719 111.508
328.450 111.508
400.988 111.508
363.767 86.811
400.330 86.811
292.181 61.148
328.187 61.148
364.193 61.148
400.238 61.148
351.631 193.821
351.631 217.491
68.404 68.579
97.772 68.579
68.404 102.289
97.757 102.289
68.404 34.049
97.597 0.000
97.597 34.255
183.993 136.323
225.287 136.323
266.621 136.323
309.005 136.323
183.993 161.096
183.993 188.572
225.037 188.572
183.993 214.764
225.057 214.764
0.000 168.029
40.383 168.029
266.272 188.572
308.980 188.572
308.980 214.879
266.272 214.844
266.538 161.096
308.320 161.096
54.977 334.552
222.718 161.096
218.284 273.890
351.631 163.247
218.284 305.184
257.653 273.890
257.653 305.286
218.284 336.732
257.972 336.732
218.284 369.185
258.003 369.185
39.993 136.323
81.057 136.323
297.721 273.890
297.721 337.829
297.721 369.822
297.721 305.718
81.057 165.264
340.231 273.890
340.231 305.698
340.231 337.663
340.231 369.739
0.000 304.171
195.482 241.186
290.089 241.186
337.607 241.186
242.266 241.186
392.188 205.884
95.402 241.186
145.182 241.186
126.874 136.323
126.874 165.473
106.831 195.515
145.105 195.515
161.180 273.890
161.180 305.516
161.180 337.143
161.180 369.452
0.000 362.219
48.490 362.219
385.124 241.186
385.124 280.010
385.124 318.834
98.495 299.111
98.495 332.867
98.495 367.325
385.124 358.540



0 1 -5 2 3 -5 4 -5 -5 98 99 -5 -5 59 60 -5 69 70 -5 -5 -5 46 47 -5 54 55 -5 -5 77 80 -5 78 79 -5 -5 -5 -5 5 6 -5 7 8 -5 -5 133 -5 134 135 -5 -5 129 130 -5 131 132 -5 -5 -5 103 104 -5 105 106 -5 -5 107 108 -5 110 111 -5 -5 -5 -5 61 68 -5 62 63 -5 -5 64 65 -5 66 67 -5 -5 -5 71 72 -5 81 82 -5 -5 73 76 -5 74 75 -5 -5 -5 -5 83 84 -5 85 86 -5 -5 87 102 -5 88 89 -5 -5 -5 90 92 -5 93 94 -5 -5 91 95 -5 96 97 -5 -5 -5 -5 109 113 -5 112 114 -5 -5 123 124 -5 125 126 -5 -5 -5 115 116 -5 121 122 -5 -5 117 119 -5 118 120 -5 -5 -5 -5 -5 -5 -5 -5 9 10 -5 11 12 -5 -5 164 -5 145 146 -5 -5 165 170 -5 183 184 -5 -5 -5 30 31 -5 32 -5 34 36 -5 37 -5 -5 38 39 -5 40 -5 41 42 -5 -5 -5 185 186 -5 -5 -5 136 137 -5 138 139 -5 -5 140 154 -5 151 152 -5 -5 -5 141 142 -5 143 144 -5 -5 147 150 -5 148 149 -5 -5 -5 -5 -5 15 16 -5 17 -5 156 -5 127 128 -5 -5 22 23 -5 28 29 -5 -5 100 101 -5 -5 180 -5 -5 -5 13 14 -5 33 35 -5 -5 24 25 -5 26 27 -5 -5 -5 181 182 -5 -5 176 179 -5 177 178 -5 -5 -5 18 19 -5 20 21 -5 -5 175 -5 43 44 -5 45 -5 49 50 51 -5 -5 -5 -5 48 52 -5 53 -5 153 -5 191 192 -5 -5 -5 56 57 -5 58 -5 196 -5 197 198 -5 -5 187 188 -5 189 190 -5 -5 -5 155 157 -5 158 159 -5 -5 160 161 -5 162 163 -5 -5 -5 166 169 -5 167 168 -5 -5 171 172 -5 173 174 -5 -5 -5 -5 -5 -5 -5 193 194 -5 195 199 -5 -5 -5 -5 -5 
