300
405.00 0.50 2.00
432.00 0.50 2.00
572.00 0.50 2.00
945.00 0.50 2.00
1800.00 0.50 2.00
416.00 0.50 2.00
1026.00 0.50 2.00
1015.00 0.50 2.00
756.00 0.50 2.00
1100.00 0.50 2.00
465.00 0.50 2.00
984.00 0.50 2.00
322.00 0.50 2.00
1584.00 0.50 2.00
924.00 0.50 2.00
510.00 0.50 2.00
1890.00 0.50 2.00
1517.00 0.50 2.00
1892.00 0.50 2.00
828.00 0.50 2.00
221.00 0.50 2.00
1232.00 0.50 2.00
1015.00 0.50 2.00
680.00 0.50 2.00
432.00 0.50 2.00
1247.00 0.50 2.00
486.00 0.50 2.00
1520.00 0.50 2.00
288.00 0.50 2.00
870.00 0.50 2.00
560.00 0.50 2.00
1152.00 0.50 2.00
418.00 0.50 2.00
2070.00 0.50 2.00
348.00 0.50 2.00
312.00 0.50 2.00
810.00 0.50 2.00
348.00 0.50 2.00
399.00 0.50 2.00
156.00 0.50 2.00
892.00 0.50 2.00
684.00 0.50 2.00
1150.00 0.50 2.00
819.00 0.50 2.00
648.00 0.50 2.00
600.00 0.50 2.00
247.00 0.50 2.00
1680.00 0.50 2.00
952.00 0.50 2.00
1152.00 0.50 2.00
266.00 0.50 2.00
224.00 0.50 2.00
666.00 0.50 2.00
432.00 0.50 2.00
1020.00 0.50 2.00
806.00 0.50 2.00
1426.00 0.50 2.00
2256.00 0.50 2.00
625.00 0.50 2.00
1786.00 0.50 2.00
624.00 0.50 2.00
1395.00 0.50 2.00
1656.00 0.50 2.00
1656.00 0.50 2.00
495.00 0.50 2.00
299.00 0.50 2.00
1890.00 0.50 2.00
462.00 0.50 2.00
1260.00 0.50 2.00
972.00 0.50 2.00
720.00 0.50 2.00
1088.00 0.50 2.00
480.00 0.50 2.00
552.00 0.50 2.00
1462.00 0.50 2.00
740.00 0.50 2.00
1404.00 0.50 2.00
720.00 0.50 2.00
672.00 0.50 2.00
1000.00 0.50 2.00
540.00 0.50 2.00
480.00 0.50 2.00
936.00 0.50 2.00
1517.00 0.50 2.00
1292.00 0.50 2.00
1462.00 0.50 2.00
1716.00 0.50 2.00
2160.00 0.50 2.00
1276.00 0.50 2.00
840.00 0.50 2.00
1104.00 0.50 2.00
902.00 0.50 2.00
2115.00 0.50 2.00
480.00 0.50 2.00
589.00 0.50 2.00
1628.00 0.50 2.00
1518.00 0.50 2.00
600.00 0.50 2.00
455.00 0.50 2.00
680.00 0.50 2.00
1980.00 0.50 2.00
1080.00 0.50 2.00
1440.00 0.50 2.00
1156.00 0.50 2.00
588.00 0.50 2.00
1155.00 0.50 2.00
396.00 0.50 2.00
480.00 0.50 2.00
1406.00 0.50 2.00
1932.00 0.50 2.00
1638.00 0.50 2.00
272.00 0.50 2.00
750.00 0.50 2.00
864.00 0.50 2.00
1496.00 0.50 2.00
748.00 0.50 2.00
532.00 0.50 2.00
819.00 0.50 2.00
1672.00 0.50 2.00
1260.00 0.50 2.00
1296.00 0.50 2.00
1292.00 0.50 2.00
860.00 0.50 2.00
828.00 0.50 2.00
1085.00 0.50 2.00
1932.00 0.50 2.00
264.00 0.50 2.00
1075.00 0.50 2.00
1232.00 0.50 2.00
748.00 0.50 2.00
780.00 0.50 2.00
2160.00 0.50 2.00
702.00 0.50 2.00
645.00 0.50 2.00
1598.00 0.50 2.00
675.00 0.50 2.00
444.00 0.50 2.00
588.00 0.50 2.00
1176.00 0.50 2.00
1332.00 0.50 2.00
516.00 0.50 2.00
855.00 0.50 2.00
999.00 0.50 2.00
600.00 0.50 2.00
600.00 0.50 2.00
585.00 0.50 2.00
1584.00 0.50 2.00
1260.00 0.50 2.00
360.00 0.50 2.00
1034.00 0.50 2.00
712.00 0.50 2.00
756.00 0.50 2.00
304.00 0.50 2.00
1230.00 0.50 2.00
374.00 0.50 2.00
350.00 0.50 2.00
448.00 0.50 2.00
500.00 0.50 2.00
299.00 0.50 2.00
1408.00 0.50 2.00
432.00 0.50 2.00
2162.00 0.50 2.00
558.00 0.50 2.00
726.00 0.50 2.00
1476.00 0.50 2.00
357.00 0.50 2.00
1224.00 0.50 2.00
1332.00 0.50 2.00
984.00 0.50 2.00
936.00 0.50 2.00
1305.00 0.50 2.00
880.00 0.50 2.00
351.00 0.50 2.00
800.00 0.50 2.00
688.00 0.50 2.00
240.00 0.50 2.00
1254.00 0.50 2.00
1517.00 0.50 2.00
322.00 0.50 2.00
1564.00 0.50 2.00
760.00 0.50 2.00
840.00 0.50 2.00
1080.00 0.50 2.00
1287.00 0.50 2.00
1150.00 0.50 2.00
918.00 0.50 2.00
1022.00 0.50 2.00
1368.00 0.50 2.00
1480.00 0.50 2.00
528.00 0.50 2.00
999.00 0.50 2.00
544.00 0.50 2.00
1392.00 0.50 2.00
561.00 0.50 2.00
364.00 0.50 2.00
429.00 0.50 2.00
1681.00 0.50 2.00
1036.00 0.50 2.00
912.00 0.50 2.00
1116.00 0.50 2.00
1591.00 0.50 2.00
754.00 0.50 2.00
1326.00 0.50 2.00
420.00 0.50 2.00
1352.00 0.50 2.00
315.00 0.50 2.00
1470.00 0.50 2.00
924.00 0.50 2.00
540.00 0.50 2.00
1620.00 0.50 2.00
312.00 0.50 2.00
192.00 0.50 2.00
882.00 0.50 2.00
448.00 0.50 2.00
459.00 0.50 2.00
609.00 0.50 2.00
798.00 0.50 2.00
960.00 0.50 2.00
645.00 0.50 2.00
504.00 0.50 2.00
1110.00 0.50 2.00
585.00 0.50 2.00
850.00 0.50 2.00
418.00 0.50 2.00
945.00 0.50 2.00
1786.00 0.50 2.00
624.00 0.50 2.00
416.00 0.50 2.00
420.00 0.50 2.00
1152.00 0.50 2.00
990.00 0.50 2.00
480.00 0.50 2.00
966.00 0.50 2.00
208.00 0.50 2.00
594.00 0.50 2.00
1012.00 0.50 2.00
1052.00 0.50 2.00
840.00 0.50 2.00
1052.00 0.50 2.00
880.00 0.50 2.00
437.00 0.50 2.00
312.00 0.50 2.00
880.00 0.50 2.00
1258.00 0.50 2.00
481.00 0.50 2.00
864.00 0.50 2.00
1012.00 0.50 2.00
1404.00 0.50 2.00
1332.00 0.50 2.00
945.00 0.50 2.00
1054.00 0.50 2.00
1462.00 0.50 2.00
532.00 0.50 2.00
195.00 0.50 2.00
312.00 0.50 2.00
1832.00 0.50 2.00
272.00 0.50 2.00
561.00 0.50 2.00
1496.00 0.50 2.00
312.00 0.50 2.00
228.00 0.50 2.00
540.00 0.50 2.00
1296.00 0.50 2.00
2162.00 0.50 2.00
1035.00 0.50 2.00
675.00 0.50 2.00
2160.00 0.50 2.00
1326.00 0.50 2.00
550.00 0.50 2.00
666.00 0.50 2.00
345.00 0.50 2.00
1008.00 0.50 2.00
840.00 0.50 2.00
630.00 0.50 2.00
692.00 0.50 2.00
616.00 0.50 2.00
434.00 0.50 2.00
564.00 0.50 2.00
546.00 0.50 2.00
1677.00 0.50 2.00
682.00 0.50 2.00
540.00 0.50 2.00
1320.00 0.50 2.00
195.00 0.50 2.00
630.00 0.50 2.00
429.00 0.50 2.00
1476.00 0.50 2.00
882.00 0.50 2.00
1008.00 0.50 2.00
1221.00 0.50 2.00
432.00 0.50 2.00
1204.00 0.50 2.00
936.00 0.50 2.00
817.00 0.50 2.00
442.00 0.50 2.00
559.00 0.50 2.00
432.00 0.50 2.00
1178.00 0.50 2.00
1320.00 0.50 2.00
169.00 0.50 2.00


0 156 300 203 231 300 301 29 181 301 300 6 297 300 197 288 300 301 301 2 58 301 268 301 124 199 301 300 10 97 144 301 300 94 162 300 281 300 301 301 300 48 207 301 54 230 301 300 137 215 301 275 301 186 250 301 300 301 300 31 71 300 105 289 300 301 36 112 300 106 195 300 227 300 285 300 301 300 55 130 301 185 201 301 300 300 301 8 75 300 83 301 153 164 301 300 12 152 300 178 300 154 165 300 301 53 98 300 136 300 244 300 301 101 220 301 300 301 176 183 300 204 298 300 301 301 23 99 301 74 300 27 41 180 301 300 301 52 269 301 167 301 76 247 301 300 300 77 132 301 102 301 79 82 301 169 301 300 84 121 300 166 243 300 301 301 103 251 300 202 267 300 301 120 286 300 139 187 300 301 301 300 301 300 300 13 146 301 59 225 301 301 15 64 300 80 300 209 301 19 123 300 62 301 300 63 96 301 73 261 301 277 301 113 245 300 301 300 301 300 114 206 301 134 179 301 300 173 222 300 193 257 301 234 300 301 300 301 300 1 160 301 290 296 301 300 116 172 301 194 252 301 300 301 30 44 301 208 301 67 155 301 213 276 301 300 300 301 43 117 301 110 301 236 238 301 301 300 11 168 300 24 93 300 157 228 300 301 301 39 126 300 46 111 301 50 260 301 300 301 256 299 301 300 40 198 301 301 300 69 249 300 142 190 300 301 300 17 177 300 200 216 293 300 300 301 47 212 287 300 301 300 108 188 301 300 301 104 278 301 295 301 237 239 300 301 151 232 300 196 301 301 300 300 9 127 300 246 264 300 300 42 184 300 90 182 300 300 301 87 131 300 301 28 65 158 301 300 210 300 241 254 300 301 60 191 300 226 300 300 255 272 292 300 300 301 49 229 300 57 300 301 300 92 266 300 140 189 300 271 300 149 235 301 300 301 161 263 300 301 300 301 3 141 301 4 300 32 38 300 223 240 300 301 118 300 301 86 279 300 89 122 301 171 242 300 300 301 300 16 66 300 109 125 300 300 301 18 100 301 33 145 205 270 300 301 221 301 301 300 70 224 301 95 300 301 300 5 214 301 294 301 262 300 34 35 300 37 259 300 301 45 143 300 301 301 56 192 300 115 129 301 258 300 301 300 25 133 218 300 300 147 273 284 301 300 301 78 174 300 248 300 138 291 300 301 300 301 7 22 301 20 233 300 253 300 51 175 300 211 300 283 300 301 26 148 300 219 300 301 300 14 217 300 91 301 85 163 274 300 301 300 301 21 128 301 68 119 301 300 301 300 61 150 280 301 300 72 81 301 107 301 159 300 301 88 170 300 135 265 300 282 300 301 301 300 301 300 301 

0 156 + 203 231 + * 29 181 * + 6 297 + 197 288 + * * 2 58 * 268 * 124 199 * + 10 97 144 * + 94 162 + 281 + * * + 48 207 * 54 230 * + 137 215 * 275 * 186 250 * + * + 31 71 + 105 289 + * 36 112 + 106 195 + 227 + 285 + * + 55 130 * 185 201 * + + * 8 75 + 83 * 153 164 * + 12 152 + 178 + 154 165 + * 53 98 + 136 + 244 + * 101 220 * + * 176 183 + 204 298 + * * 23 99 * 74 + 27 41 180 * + * 52 269 * 167 * 76 247 * + + 77 132 * 102 * 79 82 * 169 * + 84 121 + 166 243 + * * 103 251 + 202 267 + * 120 286 + 139 187 + * * + * + + 13 146 * 59 225 * * 15 64 + 80 + 209 * 19 123 + 62 * + 63 96 * 73 261 * 277 * 113 245 + * + * + 114 206 * 134 179 * + 173 222 + 193 257 * 234 + * + * + 1 160 * 290 296 * + 116 172 * 194 252 * + * 30 44 * 208 * 67 155 * 213 276 * + + * 43 117 * 110 * 236 238 * * + 11 168 + 24 93 + 157 228 + * * 39 126 + 46 111 * 50 260 * + * 256 299 * + 40 198 * * + 69 249 + 142 190 + * + 17 177 + 200 216 293 + + * 47 212 287 + * + 108 188 * + * 104 278 * 295 * 237 239 + * 151 232 + 196 * * + + 9 127 + 246 264 + + 42 184 + 90 182 + + * 87 131 + * 28 65 158 * + 210 + 241 254 + * 60 191 + 226 + + 255 272 292 + + * 49 229 + 57 + * + 92 266 + 140 189 + 271 + 149 235 * + * 161 263 + * + * 3 141 * 4 + 32 38 + 223 240 + * 118 + * 86 279 + 89 122 * 171 242 + + * + 16 66 + 109 125 + + * 18 100 * 33 145 205 270 + * 221 * * + 70 224 * 95 + * + 5 214 * 294 * 262 + 34 35 + 37 259 + * 45 143 + * * 56 192 + 115 129 * 258 + * + 25 133 218 + + 147 273 284 * + * 78 174 + 248 + 138 291 + * + * 7 22 * 20 233 + 253 + 51 175 + 211 + 283 + * 26 148 + 219 + * + 14 217 + 91 * 85 163 274 + * + * 21 128 * 68 119 * + * + 61 150 280 * + 72 81 * 107 * 159 + * 88 170 + 135 265 + 282 + * * + * + * 
