520.547
524.748
300
11.911 13.097
11.911 14.188
19.092 10.057
19.092 10.214
19.092 10.214
19.092 10.895
19.092 11.576
19.092 11.733
19.092 11.942
19.092 12.571
19.092 12.938
22.250 11.865
22.250 11.955
22.250 12.225
22.250 12.225
22.250 12.944
22.250 13.438
22.250 13.438
22.250 13.663
14.181 22.001
19.300 16.166
14.181 22.001
19.300 16.166
14.181 22.001
22.250 14.157
18.551 17.358
18.551 17.358
15.736 21.925
20.049 17.358
20.049 17.358
15.964 21.925
16.009 21.925
16.283 21.925
16.420 21.925
16.602 21.925
24.136 15.496
24.136 16.407
24.136 16.532
24.136 16.780
24.481 16.993
24.481 16.993
24.481 17.074
24.481 17.074
24.481 17.156
24.481 17.156
24.136 17.775
24.136 17.775
24.481 17.646
24.481 17.646
24.481 17.646
24.481 17.646
24.481 17.646
24.481 17.646
22.450 19.332
22.605 19.332
17.162 25.754
17.162 25.871
27.163 16.493
27.163 16.493
27.163 16.751
27.163 16.898
27.163 17.009
27.163 17.119
29.048 16.524
29.048 16.524
29.048 16.524
29.048 16.524
29.048 16.524
29.048 16.559
29.048 16.731
27.940 17.717
27.940 17.896
27.940 18.039
27.940 18.254
27.940 18.468
27.940 18.898
16.536 32.173
16.536 32.173
18.950 28.496
18.950 28.496
18.950 28.496
30.159 17.905
30.159 18.038
30.159 18.104
27.516 19.988
27.616 19.988
31.029 17.983
31.029 18.016
31.029 18.048
33.072 16.963
33.072 16.963
25.193 22.387
25.193 22.705
33.072 17.689
33.072 17.689
33.072 17.780
33.072 17.780
33.248 17.716
33.248 17.866
18.377 32.649
18.377 32.649
18.377 32.649
33.248 18.046
33.248 18.317
33.248 18.528
33.072 18.868
33.072 18.868
33.248 18.798
33.072 19.050
33.072 19.050
33.072 19.503
33.072 19.503
33.580 19.297
33.072 20.138
33.072 20.138
33.746 19.914
29.939 22.546
29.939 22.546
27.566 24.668
27.566 24.668
33.746 20.210
33.746 20.269
33.580 20.488
33.580 20.608
33.425 21.002
33.901 21.002
27.893 25.813
27.893 25.813
33.341 21.775
33.984 21.775
22.528 33.204
22.528 33.204
37.016 20.261
37.016 20.369
27.707 27.285
27.707 27.285
37.016 20.531
36.878 21.151
36.878 21.639
36.878 21.693
36.878 21.856
36.878 21.964
36.878 22.154
23.883 34.292
23.883 34.292
24.146 34.292
24.146 34.292
24.496 34.292
24.496 34.292
24.496 34.292
24.496 34.292
37.016 22.963
37.016 23.098
37.016 23.233
34.586 24.981
34.586 24.981
25.670 33.891
25.818 34.085
25.818 34.085
25.965 33.891
25.818 34.162
25.818 34.162
35.907 24.842
35.907 25.121
35.131 25.960
35.362 25.960
35.246 26.216
35.246 26.216
27.364 34.205
27.364 34.205
27.364 34.205
27.489 34.378
27.489 34.378
27.489 34.378
27.692 34.378
28.066 34.205
42.458 22.752
42.722 22.752
42.590 23.104
42.590 23.104
43.265 22.882
43.484 22.974
43.484 22.974
43.702 22.882
42.761 23.573
42.761 23.573
42.973 23.550
42.973 23.550
43.101 23.550
43.101 23.550
43.270 23.573
43.355 23.573
41.522 24.710
41.522 24.903
41.522 24.927
41.522 24.951
42.547 24.726
42.547 24.726
42.547 24.773
42.547 25.266
43.552 24.798
43.552 24.798
43.552 24.913
43.552 24.982
44.527 24.704
44.527 24.794
44.527 24.929
44.527 25.063
40.632 28.303
40.632 28.303
44.210 26.058
40.632 28.352
40.632 28.352
40.632 28.426
40.632 28.450
40.632 28.942
40.632 28.992
44.210 27.234
47.129 25.908
47.129 25.971
42.544 28.911
47.129 26.141
47.129 26.141
42.544 29.311
42.544 29.476
42.544 29.570
42.544 29.617
42.544 29.617
42.544 29.617
50.372 25.332
50.372 25.550
44.417 29.088
44.417 29.088
44.554 29.088
44.554 29.088
44.322 29.444
44.322 29.782
44.322 29.782
44.649 29.698
44.649 29.698
44.649 29.832
44.322 30.053
44.649 29.832
46.287 29.209
46.835 29.209
46.511 29.928
46.611 29.928
48.507 28.944
48.507 28.944
52.804 26.627
52.804 26.665
46.334 30.777
46.789 30.777
44.591 32.787
44.591 32.787
44.591 32.787
45.415 32.369
45.445 32.479
45.445 32.479
45.415 32.589
46.561 32.130
46.561 32.130
46.269 32.787
46.269 32.787
46.269 32.787
46.531 32.624
46.592 32.624
45.631 34.275
46.561 34.020
46.561 34.020
45.631 34.866
45.631 35.020
46.908 34.536
46.908 34.706
46.908 34.919
56.610 29.253
56.610 29.253
48.627 34.384
48.627 34.487
57.447 29.244
57.447 29.262
48.627 35.289
57.028 31.318
57.028 31.318
56.526 31.844
57.531 31.844
56.402 33.510
56.402 33.510
51.298 36.882
57.655 33.510
57.655 33.510
51.298 38.598
56.850 36.412
56.850 37.203
56.850 37.995
56.850 37.995
56.850 37.995
56.850 38.030
56.850 38.030
55.132 40.920

0.000 0.000
0.000 13.097
0.000 130.456
0.000 140.513
0.000 150.727
0.000 160.940
0.000 197.344
0.000 208.919
0.000 220.652
0.000 171.835
0.000 184.406
0.000 232.594
0.000 244.460
0.000 270.572
0.000 282.797
0.000 295.022
0.000 307.965
0.000 321.404
0.000 334.842
141.220 0.000
224.396 0.000
155.401 0.000
243.696 0.000
169.583 0.000
0.000 256.415
224.396 16.166
224.396 33.524
141.220 420.588
242.947 16.166
242.947 33.524
156.956 420.588
172.920 420.588
188.929 420.588
205.212 420.588
221.631 420.588
0.000 423.985
0.000 475.030
0.000 491.437
0.000 507.968
238.234 420.588
262.715 420.588
238.234 437.580
262.715 437.580
238.234 454.654
262.715 454.654
0.000 439.481
0.000 457.255
238.234 471.810
238.234 489.456
262.715 471.810
262.715 489.456
262.715 507.102
238.234 507.102
334.325 420.588
356.776 420.588
334.325 473.123
334.325 498.877
24.136 423.985
24.136 440.478
24.136 456.971
24.136 473.722
24.136 490.621
24.136 507.629
22.250 232.594
22.250 298.932
22.250 315.456
22.250 331.981
22.250 249.119
22.250 265.643
22.250 282.201
313.368 0.000
313.368 17.717
313.368 35.612
313.368 53.651
313.368 71.905
313.368 90.373
51.298 232.594
67.834 232.594
84.370 232.594
103.320 232.594
122.270 232.594
313.368 109.271
313.368 127.176
313.368 145.213
374.555 0.000
402.071 0.000
343.527 109.271
343.527 127.254
343.527 145.270
51.298 264.767
51.298 281.730
374.555 44.657
374.555 67.044
51.298 298.694
51.298 316.382
51.298 334.071
51.298 351.851
341.308 0.000
341.308 17.716
374.555 89.748
392.933 89.748
411.310 89.748
341.308 35.581
341.308 53.628
341.308 71.945
51.298 369.630
51.298 388.499
341.308 90.472
51.298 407.367
51.298 426.416
51.298 445.466
51.298 464.969
0.000 70.063
51.298 484.472
51.298 504.610
33.580 70.063
399.748 44.657
399.748 67.202
374.555 19.988
402.121 19.988
33.580 89.976
33.580 110.187
0.000 89.360
0.000 109.848
0.000 27.285
33.425 27.285
351.488 473.123
351.488 498.936
0.000 48.288
33.341 48.288
334.325 439.919
356.853 439.919
67.325 0.000
67.325 20.261
11.911 0.000
39.618 0.000
67.325 40.631
104.342 0.000
104.342 42.844
104.342 21.151
104.342 64.482
104.342 86.338
104.342 108.302
313.368 163.318
313.368 197.609
337.251 163.318
337.251 197.609
361.397 163.318
361.397 197.609
385.893 197.609
385.893 163.318
67.325 61.162
67.325 84.125
67.325 107.223
19.092 130.456
19.092 155.437
89.584 130.456
89.584 164.347
115.402 164.347
115.255 130.456
89.584 198.432
115.402 198.432
53.678 130.456
53.678 155.298
19.092 180.419
54.222 180.419
19.092 206.379
54.338 206.379
410.389 163.318
437.753 163.318
465.117 163.318
410.389 197.523
465.570 197.523
493.058 197.523
437.877 197.523
492.481 163.318
141.220 228.119
183.678 228.119
141.220 250.871
183.810 250.871
226.400 228.119
226.400 251.001
269.884 251.001
269.665 228.119
141.220 273.975
183.981 273.975
141.220 297.548
184.193 297.548
227.167 297.548
270.267 297.548
226.742 273.975
270.013 273.975
141.220 321.097
141.220 345.807
141.220 370.710
141.220 395.637
182.742 321.097
182.742 345.823
182.742 370.549
182.742 395.321
225.289 321.097
225.289 345.895
225.289 370.693
225.289 395.606
268.841 321.097
268.841 345.801
268.841 370.595
268.841 395.524
183.764 0.000
183.764 28.303
141.220 471.457
183.764 56.605
183.764 84.957
183.764 113.309
183.764 141.734
183.764 170.185
183.764 199.127
141.220 497.515
287.196 420.588
287.196 446.495
141.220 51.312
287.196 472.466
287.196 498.607
141.220 22.001
141.220 80.224
141.220 109.699
141.220 139.269
141.220 168.885
141.220 198.502
262.996 0.000
262.996 25.332
224.396 50.882
224.396 79.970
268.813 50.882
268.813 79.970
224.396 109.058
224.396 168.554
224.396 198.336
268.718 109.058
268.718 138.756
268.718 168.454
224.396 138.501
268.718 198.286
313.368 231.901
359.655 231.901
313.368 261.109
359.879 261.109
141.220 442.512
189.727 442.512
185.430 471.457
185.430 498.084
313.368 291.038
359.702 291.038
429.687 0.000
429.687 32.787
429.687 65.574
429.687 98.360
475.102 98.360
475.102 130.839
429.687 130.729
313.368 321.814
359.929 321.814
474.278 0.000
474.278 32.787
474.278 65.574
313.368 353.944
359.898 353.944
428.007 420.588
313.368 386.568
359.929 386.568
428.007 454.862
428.007 489.729
473.639 420.588
473.639 455.123
473.639 489.829
406.490 231.901
406.490 261.154
379.381 420.588
379.381 454.972
463.100 231.901
463.100 261.145
379.381 489.459
406.490 290.407
463.519 290.407
406.490 321.724
463.016 321.724
406.490 353.568
406.490 387.078
0.000 348.505
462.892 353.568
462.892 387.078
0.000 385.387
84.370 375.074
84.370 411.486
84.370 299.085
84.370 337.080
84.370 261.091
84.370 448.689
84.370 486.719
374.555 122.397



0 1 -5 134 135 -5 -5 124 125 -5 128 129 -5 -5 -5 112 122 -5 123 -5 115 120 -5 121 -5 -5 -5 132 133 -5 136 -5 151 152 -5 153 -5 -5 137 139 -5 138 -5 140 141 -5 142 -5 -5 -5 -5 2 3 -5 4 -5 5 9 -5 10 -5 -5 6 7 -5 8 -5 -5 154 155 -5 162 163 -5 -5 164 165 -5 166 167 -5 -5 -5 -5 156 159 -5 157 158 -5 160 161 -5 -5 -5 -5 -5 11 12 -5 24 -5 13 14 -5 15 -5 -5 16 17 -5 18 -5 -5 63 67 -5 68 69 -5 -5 64 65 66 -5 -5 -5 -5 288 291 -5 -5 35 45 -5 46 -5 36 37 -5 38 -5 -5 57 58 -5 59 -5 60 61 -5 62 -5 -5 -5 -5 76 77 -5 89 90 -5 -5 93 94 -5 95 96 -5 -5 -5 105 106 -5 108 109 -5 -5 110 111 -5 113 114 -5 -5 -5 -5 78 79 80 -5 -5 296 -5 294 295 -5 -5 292 293 -5 297 298 -5 -5 -5 -5 -5 -5 19 21 23 -5 -5 223 -5 220 224 -5 -5 225 226 -5 227 228 -5 -5 -5 208 209 -5 211 212 -5 -5 213 214 -5 215 216 -5 -5 -5 -5 20 22 -5 25 26 -5 28 29 -5 -5 -5 229 230 -5 -5 231 232 -5 233 234 -5 -5 -5 235 241 -5 236 237 -5 -5 238 239 -5 240 242 -5 -5 -5 -5 -5 176 177 -5 178 179 -5 -5 180 183 -5 181 182 -5 -5 -5 184 185 -5 190 191 -5 -5 186 187 -5 188 189 -5 -5 -5 -5 192 193 -5 194 195 -5 -5 196 197 -5 198 199 -5 -5 -5 200 201 -5 202 203 -5 -5 204 205 -5 206 207 -5 -5 -5 -5 -5 -5 70 71 -5 72 -5 73 74 -5 75 -5 -5 97 98 -5 102 -5 103 104 -5 107 -5 -5 -5 81 82 -5 83 -5 86 87 -5 88 -5 -5 -5 84 85 -5 118 119 -5 -5 91 92 -5 116 117 -5 -5 -5 99 100 101 -5 -5 299 -5 -5 -5 253 254 255 -5 -5 262 263 264 -5 -5 -5 256 259 -5 257 258 -5 -5 -5 -5 143 144 -5 145 146 -5 -5 147 150 -5 148 149 -5 -5 -5 168 169 -5 170 175 -5 -5 171 174 -5 172 173 -5 -5 -5 -5 243 244 -5 245 246 -5 251 252 -5 -5 -5 260 261 -5 265 266 -5 268 269 -5 -5 -5 -5 275 276 -5 279 280 -5 -5 282 283 -5 284 285 -5 -5 286 287 -5 289 290 -5 -5 -5 -5 -5 -5 -5 -5 27 30 -5 31 -5 32 33 -5 34 -5 -5 247 248 -5 -5 210 217 -5 249 250 -5 -5 -5 39 40 -5 41 42 -5 43 44 -5 -5 -5 47 48 52 -5 -5 49 50 51 -5 -5 -5 -5 218 219 -5 221 222 -5 -5 -5 -5 53 54 -5 130 131 -5 -5 55 56 -5 126 127 -5 -5 -5 277 278 -5 281 -5 -5 267 270 -5 271 -5 272 273 -5 274 -5 -5 -5 -5 -5 -5 
