497.000
587.000
300
13.000 12.000
13.000 13.000
16.000 12.000
13.000 15.000
13.000 15.000
16.000 13.000
17.000 13.000
16.000 14.000
12.000 19.000
16.000 15.000
13.000 19.000
22.000 12.000
14.000 19.000
13.000 21.000
13.000 21.000
24.000 12.000
23.000 13.000
23.000 13.000
19.000 16.000
26.000 12.000
26.000 12.000
13.000 24.000
13.000 24.000
13.000 24.000
21.000 15.000
19.000 17.000
19.000 17.000
23.000 15.000
29.000 12.000
29.000 12.000
25.000 14.000
27.000 13.000
21.000 17.000
18.000 20.000
28.000 13.000
22.000 17.000
12.000 33.000
21.000 19.000
27.000 15.000
16.000 26.000
13.000 32.000
22.000 19.000
22.000 19.000
21.000 20.000
28.000 15.000
13.000 33.000
13.000 33.000
16.000 27.000
16.000 27.000
24.000 18.000
16.000 27.000
16.000 27.000
12.000 36.000
31.000 14.000
23.000 19.000
26.000 17.000
12.000 37.000
32.000 14.000
16.000 28.000
13.000 35.000
27.000 17.000
33.000 14.000
31.000 15.000
32.000 15.000
32.000 15.000
16.000 30.000
24.000 20.000
32.000 15.000
13.000 37.000
18.000 27.000
33.000 15.000
25.000 20.000
18.000 28.000
34.000 15.000
43.000 12.000
44.000 12.000
28.000 19.000
28.000 19.000
27.000 20.000
30.000 18.000
36.000 15.000
45.000 12.000
34.000 16.000
42.000 13.000
25.000 22.000
46.000 12.000
31.000 18.000
43.000 13.000
28.000 20.000
17.000 33.000
17.000 33.000
47.000 12.000
26.000 22.000
45.000 13.000
45.000 13.000
42.000 14.000
28.000 21.000
31.000 19.000
18.000 33.000
40.000 15.000
40.000 15.000
24.000 25.000
24.000 25.000
29.000 21.000
28.000 22.000
16.000 39.000
16.000 39.000
25.000 25.000
30.000 21.000
30.000 21.000
43.000 15.000
43.000 15.000
27.000 24.000
37.000 18.000
37.000 18.000
16.000 42.000
45.000 15.000
45.000 15.000
40.000 17.000
40.000 17.000
31.000 22.000
36.000 19.000
16.000 43.000
21.000 33.000
18.000 39.000
31.000 23.000
45.000 16.000
18.000 40.000
22.000 33.000
37.000 20.000
22.000 34.000
22.000 34.000
30.000 25.000
29.000 26.000
42.000 18.000
36.000 21.000
40.000 19.000
30.000 26.000
42.000 19.000
32.000 25.000
31.000 26.000
30.000 27.000
43.000 19.000
39.000 21.000
39.000 21.000
23.000 36.000
23.000 36.000
35.000 24.000
40.000 21.000
42.000 20.000
30.000 28.000
34.000 25.000
45.000 19.000
43.000 20.000
36.000 24.000
36.000 24.000
29.000 30.000
22.000 40.000
40.000 22.000
22.000 40.000
42.000 21.000
42.000 21.000
47.000 19.000
43.000 21.000
48.000 19.000
27.000 34.000
44.000 21.000
33.000 28.000
24.000 39.000
24.000 39.000
24.000 39.000
45.000 21.000
45.000 21.000
27.000 35.000
34.000 28.000
48.000 20.000
23.000 42.000
27.000 36.000
24.000 41.000
24.000 41.000
30.000 33.000
37.000 27.000
37.000 27.000
25.000 40.000
24.000 42.000
36.000 28.000
23.000 44.000
46.000 22.000
35.000 29.000
35.000 29.000
30.000 34.000
31.000 33.000
27.000 38.000
47.000 22.000
23.000 45.000
37.000 28.000
39.000 27.000
39.000 27.000
31.000 34.000
25.000 43.000
45.000 24.000
36.000 30.000
35.000 31.000
32.000 34.000
25.000 44.000
46.000 24.000
37.000 30.000
36.000 31.000
25.000 46.000
25.000 46.000
32.000 36.000
48.000 24.000
48.000 24.000
33.000 35.000
34.000 34.000
42.000 28.000
31.000 38.000
43.000 28.000
37.000 33.000
34.000 36.000
41.000 30.000
44.000 28.000
44.000 28.000
29.000 43.000
38.000 33.000
37.000 34.000
28.000 45.000
28.000 45.000
42.000 30.000
29.000 44.000
39.000 33.000
38.000 34.000
34.000 38.000
36.000 36.000
27.000 48.000
29.000 45.000
44.000 30.000
40.000 33.000
39.000 34.000
39.000 34.000
37.000 36.000
37.000 36.000
43.000 31.000
41.000 33.000
36.000 38.000
29.000 48.000
31.000 45.000
39.000 36.000
39.000 36.000
37.000 38.000
44.000 32.000
31.000 46.000
40.000 36.000
43.000 34.000
43.000 34.000
43.000 34.000
42.000 35.000
41.000 36.000
41.000 36.000
40.000 37.000
44.000 34.000
44.000 34.000
41.000 37.000
41.000 37.000
41.000 37.000
46.000 33.000
40.000 38.000
46.000 34.000
48.000 33.000
48.000 33.000
43.000 37.000
47.000 34.000
45.000 36.000
44.000 37.000
42.000 39.000
46.000 36.000
46.000 36.000
44.000 38.000
43.000 39.000
42.000 40.000
41.000 41.000
44.000 39.000
47.000 38.000
47.000 38.000
45.000 40.000
47.000 39.000
45.000 42.000
45.000 42.000
44.000 43.000
46.000 42.000
46.000 42.000
45.000 44.000
45.000 46.000
47.000 45.000
45.000 48.000
45.000 48.000
45.000 48.000
46.000 47.000
46.000 47.000
47.000 48.000

0.000 0.000
0.000 12.000
0.000 212.000
16.000 212.000
29.000 212.000
42.000 212.000
58.000 212.000
75.000 212.000
26.000 0.000
91.000 212.000
0.000 25.000
0.000 277.000
26.000 19.000
13.000 0.000
13.000 21.000
22.000 277.000
0.000 244.000
0.000 257.000
0.000 227.000
46.000 277.000
72.000 277.000
23.000 244.000
36.000 244.000
49.000 244.000
244.000 0.000
19.000 227.000
38.000 227.000
265.000 0.000
0.000 187.000
29.000 187.000
113.000 244.000
0.000 199.000
57.000 227.000
0.000 308.000
27.000 199.000
78.000 227.000
62.000 244.000
363.000 0.000
0.000 390.000
187.000 277.000
74.000 244.000
384.000 0.000
406.000 0.000
0.000 104.000
27.000 390.000
87.000 244.000
100.000 244.000
187.000 305.000
203.000 305.000
18.000 308.000
219.000 305.000
203.000 277.000
71.000 0.000
138.000 244.000
428.000 0.000
100.000 227.000
83.000 0.000
169.000 244.000
219.000 277.000
95.000 0.000
126.000 227.000
201.000 244.000
55.000 390.000
0.000 405.000
32.000 405.000
244.000 15.000
42.000 308.000
64.000 405.000
108.000 0.000
278.000 277.000
107.000 212.000
66.000 308.000
278.000 304.000
140.000 212.000
98.000 277.000
141.000 277.000
187.000 337.000
215.000 337.000
21.000 104.000
0.000 289.000
174.000 212.000
121.000 0.000
244.000 143.000
113.000 258.000
0.000 328.000
121.000 12.000
30.000 289.000
155.000 258.000
48.000 104.000
244.000 159.000
261.000 159.000
121.000 24.000
25.000 328.000
86.000 390.000
131.000 390.000
198.000 258.000
0.000 420.000
61.000 289.000
278.000 332.000
235.000 277.000
235.000 292.000
124.000 187.000
148.000 187.000
28.000 420.000
243.000 337.000
181.000 0.000
197.000 0.000
172.000 187.000
57.000 420.000
87.000 420.000
235.000 307.000
235.000 322.000
197.000 187.000
278.000 365.000
278.000 383.000
296.000 277.000
96.000 405.000
141.000 405.000
153.000 227.000
193.000 227.000
40.000 0.000
0.000 144.000
296.000 319.000
71.000 37.000
278.000 401.000
40.000 22.000
0.000 350.000
296.000 401.000
92.000 37.000
117.000 420.000
71.000 70.000
93.000 70.000
181.000 82.000
181.000 107.000
0.000 124.000
154.000 420.000
187.000 380.000
181.000 133.000
90.000 350.000
58.000 187.000
181.000 159.000
0.000 45.000
132.000 350.000
190.000 420.000
229.000 420.000
36.000 144.000
59.000 144.000
363.000 47.000
187.000 399.000
42.000 124.000
0.000 72.000
90.000 187.000
45.000 350.000
91.000 308.000
0.000 163.000
363.000 71.000
260.000 15.000
227.000 380.000
51.000 328.000
249.000 380.000
187.000 359.000
229.000 359.000
92.000 289.000
0.000 369.000
139.000 289.000
336.000 0.000
43.000 369.000
30.000 45.000
84.000 104.000
132.000 104.000
108.000 104.000
87.000 369.000
132.000 369.000
336.000 72.000
30.000 73.000
134.000 308.000
82.000 144.000
336.000 107.000
129.000 144.000
153.000 144.000
115.000 37.000
278.000 143.000
278.000 170.000
156.000 104.000
105.000 144.000
363.000 95.000
451.000 0.000
91.000 328.000
363.000 153.000
363.000 182.000
115.000 70.000
145.000 37.000
336.000 34.000
137.000 328.000
474.000 0.000
399.000 95.000
278.000 197.000
278.000 224.000
145.000 70.000
442.000 95.000
451.000 45.000
363.000 123.000
363.000 211.000
0.000 441.000
442.000 138.000
451.000 69.000
399.000 123.000
363.000 242.000
442.000 182.000
442.000 228.000
0.000 475.000
399.000 47.000
399.000 71.000
244.000 192.000
244.000 227.000
399.000 153.000
81.000 441.000
399.000 181.000
81.000 515.000
81.000 479.000
399.000 209.000
363.000 19.000
407.000 19.000
181.000 39.000
118.000 515.000
115.000 479.000
467.000 95.000
467.000 140.000
399.000 239.000
467.000 185.000
237.000 441.000
276.000 441.000
112.000 441.000
0.000 511.000
213.000 0.000
467.000 229.000
315.000 277.000
156.000 515.000
237.000 475.000
276.000 475.000
81.000 548.000
118.000 548.000
315.000 311.000
196.000 515.000
237.000 509.000
213.000 48.000
213.000 96.000
0.000 547.000
39.000 547.000
237.000 547.000
359.000 277.000
213.000 141.000
315.000 458.000
315.000 388.000
358.000 388.000
315.000 422.000
358.000 422.000
155.000 548.000
196.000 548.000
274.000 509.000
403.000 277.000
447.000 277.000
152.000 441.000
152.000 478.000
274.000 546.000
402.000 311.000
355.000 458.000
448.000 311.000
32.000 441.000
32.000 474.000
193.000 441.000
448.000 345.000
36.000 511.000
193.000 478.000
317.000 143.000
401.000 458.000
402.000 344.000
358.000 311.000
315.000 342.000
317.000 182.000
315.000 496.000
358.000 349.000
402.000 380.000
449.000 380.000
402.000 418.000
447.000 418.000
315.000 545.000
360.000 545.000
447.000 458.000
405.000 545.000
451.000 545.000
447.000 501.000
244.000 48.000
289.000 48.000
356.000 496.000
289.000 0.000
244.000 94.000
401.000 494.000
317.000 222.000
289.000 94.000



0 1 -5 10 -5 13 14 -5 -5 8 12 -5 -5 120 125 -5 -5 141 150 -5 167 174 -5 -5 -5 52 56 -5 59 68 -5 -5 81 85 -5 91 -5 -5 123 128 -5 130 131 -5 -5 180 190 -5 191 198 -5 -5 -5 -5 -5 43 78 -5 88 -5 134 149 -5 -5 168 170 -5 169 183 -5 -5 -5 121 154 -5 145 146 -5 -5 176 184 -5 178 179 -5 -5 -5 -5 -5 105 106 -5 223 -5 132 133 -5 137 140 -5 -5 -5 234 245 -5 246 251 -5 -5 -5 -5 28 29 -5 31 34 -5 -5 139 151 -5 -5 101 102 -5 107 112 -5 -5 -5 -5 2 3 -5 4 -5 5 -5 6 -5 7 -5 9 -5 70 73 -5 80 -5 -5 18 25 -5 26 -5 32 -5 35 -5 55 60 -5 118 119 -5 -5 -5 -5 16 17 -5 21 -5 22 -5 23 -5 36 40 -5 45 -5 46 -5 -5 30 53 -5 57 -5 61 -5 83 87 -5 95 -5 -5 -5 -5 -5 24 27 -5 65 156 -5 -5 295 -5 292 293 -5 296 299 -5 -5 -5 165 192 -5 173 177 -5 -5 -5 82 89 90 -5 -5 213 214 -5 -5 181 182 -5 196 197 -5 -5 -5 274 279 -5 298 -5 -5 -5 -5 37 41 -5 42 -5 54 -5 221 222 -5 -5 147 155 -5 211 212 -5 -5 -5 186 194 -5 200 205 -5 -5 -5 185 195 -5 201 206 -5 -5 188 189 -5 202 207 -5 -5 215 217 -5 220 228 -5 -5 -5 -5 199 204 -5 208 209 -5 -5 -5 226 227 -5 229 235 -5 -5 -5 -5 -5 11 15 -5 19 -5 20 -5 74 75 -5 -5 79 86 -5 97 -5 162 164 -5 -5 -5 33 49 -5 66 -5 71 -5 153 175 -5 -5 84 92 -5 158 -5 187 193 -5 -5 -5 126 152 -5 138 142 -5 -5 163 166 -5 171 172 -5 -5 -5 -5 -5 38 44 -5 62 -5 93 94 -5 -5 63 64 -5 67 -5 116 117 -5 -5 -5 -5 39 51 -5 58 -5 47 48 -5 50 -5 -5 99 100 -5 110 111 -5 -5 -5 76 77 -5 104 -5 160 161 -5 -5 136 148 -5 157 159 -5 -5 -5 -5 -5 96 103 -5 108 109 -5 -5 129 135 -5 143 144 -5 -5 -5 -5 69 72 -5 98 -5 115 122 -5 -5 113 114 -5 124 127 -5 -5 -5 -5 203 210 -5 268 269 -5 -5 233 272 -5 247 248 -5 -5 -5 216 232 -5 219 225 -5 -5 262 263 -5 270 273 -5 -5 -5 218 224 -5 237 243 -5 -5 -5 240 241 -5 257 258 -5 -5 -5 -5 230 231 -5 238 239 -5 -5 244 249 -5 259 264 -5 -5 -5 -5 -5 236 250 -5 260 261 -5 -5 242 278 -5 277 281 -5 -5 253 254 -5 255 256 -5 -5 -5 265 276 -5 267 271 -5 -5 282 283 -5 284 285 -5 -5 -5 -5 -5 252 266 -5 280 294 -5 -5 275 297 -5 288 291 -5 -5 -5 -5 286 287 -5 289 290 -5 -5 -5 -5 -5 
