658.000
1021.000
600
12.000 13.000
12.000 13.000
12.000 14.000
12.000 14.000
13.000 13.000
12.000 16.000
12.000 16.000
15.000 13.000
15.000 13.000
13.000 16.000
14.000 15.000
13.000 17.000
14.000 16.000
19.000 12.000
13.000 18.000
15.000 16.000
15.000 16.000
13.000 19.000
16.000 16.000
12.000 22.000
12.000 22.000
14.000 19.000
13.000 21.000
13.000 21.000
12.000 24.000
13.000 23.000
13.000 23.000
19.000 16.000
17.000 18.000
12.000 26.000
13.000 24.000
13.000 24.000
13.000 24.000
12.000 26.000
15.000 21.000
20.000 16.000
20.000 16.000
14.000 23.000
17.000 19.000
17.000 19.000
21.000 16.000
12.000 28.000
15.000 23.000
12.000 29.000
12.000 29.000
14.000 25.000
13.000 27.000
16.000 22.000
17.000 21.000
20.000 18.000
12.000 30.000
12.000 30.000
13.000 28.000
12.000 31.000
17.000 22.000
15.000 25.000
15.000 25.000
13.000 29.000
20.000 19.000
24.000 16.000
13.000 30.000
18.000 22.000
12.000 33.000
12.000 33.000
18.000 22.000
12.000 33.000
19.000 21.000
19.000 21.000
15.000 27.000
34.000 12.000
13.000 32.000
16.000 26.000
16.000 26.000
16.000 26.000
19.000 22.000
19.000 22.000
28.000 15.000
35.000 12.000
20.000 21.000
17.000 25.000
13.000 33.000
13.000 33.000
16.000 27.000
36.000 12.000
36.000 12.000
18.000 24.000
36.000 12.000
16.000 27.000
16.000 27.000
16.000 27.000
16.000 27.000
16.000 27.000
14.000 31.000
19.000 23.000
26.000 17.000
12.000 37.000
12.000 37.000
14.000 32.000
16.000 28.000
13.000 35.000
13.000 35.000
19.000 24.000
17.000 27.000
17.000 27.000
14.000 33.000
16.000 29.000
15.000 31.000
17.000 28.000
32.000 15.000
32.000 15.000
40.000 12.000
20.000 24.000
16.000 30.000
32.000 15.000
32.000 15.000
13.000 37.000
22.000 22.000
27.000 18.000
33.000 15.000
33.000 15.000
25.000 20.000
25.000 20.000
25.000 20.000
14.000 36.000
18.000 28.000
14.000 36.000
12.000 42.000
18.000 28.000
13.000 39.000
34.000 15.000
34.000 15.000
12.000 43.000
14.000 37.000
18.000 29.000
15.000 35.000
12.000 44.000
24.000 22.000
24.000 22.000
19.000 28.000
19.000 28.000
19.000 28.000
27.000 20.000
12.000 45.000
15.000 36.000
18.000 30.000
34.000 16.000
13.000 42.000
25.000 22.000
25.000 22.000
19.000 29.000
12.000 46.000
15.000 37.000
18.000 31.000
13.000 43.000
28.000 20.000
33.000 17.000
33.000 17.000
12.000 47.000
26.000 22.000
13.000 44.000
36.000 16.000
24.000 24.000
13.000 45.000
13.000 45.000
14.000 42.000
28.000 21.000
28.000 21.000
31.000 19.000
31.000 19.000
37.000 16.000
37.000 16.000
18.000 33.000
13.000 46.000
15.000 40.000
24.000 25.000
15.000 40.000
24.000 25.000
38.000 16.000
29.000 21.000
28.000 22.000
28.000 22.000
20.000 31.000
27.000 23.000
16.000 39.000
16.000 39.000
24.000 26.000
13.000 48.000
24.000 26.000
16.000 39.000
25.000 25.000
30.000 21.000
15.000 42.000
30.000 21.000
20.000 32.000
15.000 43.000
15.000 43.000
34.000 19.000
18.000 36.000
27.000 24.000
21.000 31.000
16.000 41.000
14.000 47.000
22.000 30.000
37.000 18.000
37.000 18.000
16.000 42.000
15.000 45.000
15.000 45.000
15.000 45.000
27.000 25.000
17.000 40.000
17.000 40.000
22.000 31.000
18.000 38.000
19.000 36.000
16.000 43.000
16.000 43.000
21.000 33.000
25.000 28.000
18.000 39.000
37.000 19.000
37.000 19.000
37.000 19.000
31.000 23.000
15.000 48.000
18.000 40.000
18.000 40.000
20.000 36.000
16.000 45.000
16.000 45.000
38.000 19.000
38.000 19.000
25.000 29.000
33.000 22.000
33.000 22.000
32.000 23.000
37.000 20.000
37.000 20.000
19.000 39.000
19.000 39.000
34.000 22.000
34.000 22.000
25.000 30.000
26.000 29.000
26.000 29.000
21.000 36.000
42.000 18.000
33.000 23.000
40.000 19.000
35.000 22.000
31.000 25.000
41.000 19.000
26.000 30.000
19.000 42.000
19.000 42.000
32.000 25.000
26.000 31.000
27.000 30.000
19.000 43.000
21.000 39.000
21.000 39.000
23.000 36.000
18.000 46.000
23.000 36.000
26.000 32.000
19.000 44.000
20.000 42.000
24.000 35.000
24.000 35.000
28.000 30.000
40.000 21.000
18.000 47.000
18.000 47.000
25.000 34.000
25.000 34.000
45.000 19.000
45.000 19.000
39.000 22.000
26.000 33.000
26.000 33.000
20.000 43.000
24.000 36.000
24.000 36.000
24.000 36.000
24.000 36.000
27.000 32.000
29.000 30.000
40.000 22.000
22.000 40.000
22.000 40.000
22.000 40.000
22.000 40.000
21.000 42.000
21.000 42.000
26.000 34.000
24.000 37.000
24.000 37.000
19.000 47.000
25.000 36.000
25.000 36.000
25.000 36.000
25.000 36.000
21.000 43.000
21.000 43.000
21.000 43.000
19.000 48.000
19.000 48.000
34.000 27.000
40.000 23.000
28.000 33.000
28.000 33.000
42.000 22.000
21.000 44.000
25.000 37.000
58.000 16.000
18.000 52.000
24.000 39.000
24.000 39.000
24.000 39.000
21.000 45.000
21.000 45.000
35.000 27.000
25.000 38.000
28.000 34.000
48.000 20.000
24.000 40.000
31.000 31.000
42.000 23.000
19.000 51.000
27.000 36.000
49.000 20.000
24.000 41.000
24.000 41.000
33.000 30.000
33.000 30.000
22.000 45.000
27.000 37.000
27.000 37.000
27.000 37.000
25.000 40.000
25.000 40.000
24.000 42.000
24.000 42.000
28.000 36.000
22.000 46.000
44.000 23.000
44.000 23.000
44.000 23.000
39.000 26.000
29.000 35.000
29.000 35.000
30.000 34.000
33.000 31.000
33.000 31.000
32.000 32.000
27.000 38.000
27.000 38.000
47.000 22.000
45.000 23.000
28.000 37.000
30.000 35.000
27.000 39.000
27.000 39.000
31.000 34.000
33.000 32.000
28.000 38.000
63.000 17.000
25.000 43.000
25.000 43.000
24.000 45.000
24.000 45.000
30.000 36.000
31.000 35.000
31.000 35.000
32.000 34.000
33.000 33.000
61.000 18.000
25.000 44.000
46.000 24.000
30.000 37.000
30.000 37.000
31.000 36.000
43.000 26.000
33.000 34.000
33.000 34.000
33.000 34.000
25.000 45.000
67.000 17.000
60.000 19.000
28.000 41.000
46.000 25.000
46.000 25.000
32.000 36.000
32.000 36.000
48.000 24.000
48.000 24.000
35.000 33.000
34.000 34.000
42.000 28.000
31.000 38.000
31.000 38.000
35.000 34.000
60.000 20.000
43.000 28.000
28.000 43.000
43.000 28.000
37.000 33.000
34.000 36.000
30.000 41.000
28.000 44.000
28.000 44.000
28.000 44.000
31.000 40.000
46.000 27.000
43.000 29.000
33.000 38.000
34.000 37.000
34.000 37.000
28.000 45.000
28.000 45.000
30.000 42.000
28.000 45.000
30.000 42.000
44.000 29.000
33.000 39.000
33.000 39.000
28.000 46.000
30.000 43.000
34.000 38.000
34.000 38.000
36.000 36.000
36.000 36.000
48.000 27.000
48.000 27.000
31.000 42.000
45.000 29.000
23.000 57.000
30.000 44.000
33.000 40.000
34.000 39.000
34.000 39.000
34.000 39.000
36.000 37.000
36.000 37.000
31.000 43.000
33.000 41.000
33.000 41.000
34.000 40.000
34.000 40.000
22.000 62.000
35.000 39.000
36.000 38.000
33.000 42.000
48.000 29.000
31.000 45.000
36.000 39.000
36.000 39.000
37.000 38.000
64.000 22.000
32.000 44.000
43.000 33.000
31.000 46.000
42.000 34.000
35.000 41.000
36.000 40.000
32.000 45.000
32.000 45.000
54.000 27.000
54.000 27.000
43.000 34.000
43.000 34.000
43.000 34.000
35.000 42.000
67.000 22.000
36.000 41.000
36.000 41.000
37.000 40.000
55.000 27.000
24.000 62.000
34.000 44.000
34.000 44.000
36.000 42.000
37.000 41.000
37.000 41.000
37.000 41.000
33.000 46.000
38.000 40.000
34.000 45.000
57.000 27.000
50.000 31.000
37.000 42.000
37.000 42.000
34.000 46.000
34.000 46.000
34.000 46.000
33.000 48.000
33.000 48.000
37.000 43.000
37.000 43.000
42.000 38.000
34.000 47.000
36.000 45.000
36.000 45.000
65.000 25.000
44.000 37.000
44.000 37.000
39.000 42.000
47.000 35.000
36.000 46.000
36.000 46.000
37.000 45.000
49.000 34.000
44.000 38.000
39.000 43.000
40.000 42.000
41.000 41.000
28.000 61.000
39.000 44.000
39.000 44.000
39.000 44.000
46.000 38.000
40.000 44.000
42.000 42.000
48.000 37.000
38.000 47.000
38.000 47.000
39.000 46.000
40.000 45.000
53.000 34.000
42.000 43.000
42.000 43.000
39.000 47.000
41.000 45.000
56.000 33.000
44.000 42.000
50.000 37.000
42.000 45.000
42.000 45.000
44.000 43.000
56.000 34.000
39.000 49.000
40.000 48.000
42.000 46.000
42.000 46.000
45.000 44.000
45.000 44.000
40.000 50.000
46.000 44.000
46.000 44.000
36.000 57.000
45.000 46.000
45.000 46.000
37.000 56.000
54.000 39.000
47.000 45.000
46.000 46.000
32.000 67.000
65.000 33.000
45.000 48.000
45.000 48.000
45.000 48.000
45.000 48.000
46.000 47.000
47.000 46.000
47.000 46.000
38.000 57.000
55.000 40.000
48.000 47.000
48.000 47.000
65.000 35.000
53.000 43.000
39.000 59.000
50.000 47.000
37.000 65.000
59.000 41.000
54.000 45.000
51.000 48.000
60.000 41.000
67.000 37.000
67.000 39.000
66.000 40.000
57.000 47.000
63.000 43.000
57.000 48.000
61.000 46.000
52.000 55.000
66.000 44.000
65.000 47.000
47.000 65.000
52.000 59.000
62.000 50.000
57.000 56.000
64.000 50.000
66.000 49.000
63.000 52.000
62.000 53.000
61.000 61.000
57.000 66.000
61.000 67.000
61.000 67.000

0.000 0.000
0.000 13.000
0.000 26.000
0.000 40.000
246.000 0.000
0.000 449.000
0.000 465.000
259.000 0.000
274.000 0.000
12.000 449.000
26.000 449.000
26.000 464.000
12.000 465.000
31.000 0.000
0.000 481.000
31.000 201.000
31.000 217.000
13.000 481.000
167.000 0.000
110.000 0.000
110.000 22.000
26.000 481.000
31.000 360.000
31.000 381.000
0.000 54.000
0.000 720.000
0.000 743.000
319.000 449.000
211.000 449.000
0.000 197.000
13.000 720.000
13.000 744.000
13.000 768.000
0.000 223.000
319.000 465.000
31.000 84.000
31.000 100.000
208.000 720.000
209.000 0.000
209.000 19.000
338.000 449.000
0.000 78.000
222.000 720.000
26.000 720.000
26.000 749.000
208.000 743.000
246.000 13.000
334.000 465.000
350.000 465.000
265.000 720.000
0.000 106.000
0.000 136.000
259.000 13.000
0.000 166.000
367.000 465.000
61.000 201.000
61.000 226.000
246.000 44.000
285.000 720.000
359.000 449.000
259.000 44.000
209.000 223.000
31.000 12.000
43.000 12.000
209.000 245.000
55.000 12.000
227.000 0.000
227.000 21.000
222.000 743.000
31.000 45.000
122.000 0.000
167.000 185.000
167.000 211.000
167.000 237.000
227.000 85.000
227.000 107.000
208.000 770.000
31.000 57.000
110.000 360.000
228.000 449.000
122.000 32.000
122.000 65.000
359.000 720.000
71.000 0.000
71.000 12.000
130.000 360.000
71.000 24.000
375.000 720.000
359.000 747.000
359.000 774.000
375.000 747.000
375.000 774.000
31.000 233.000
148.000 360.000
211.000 474.000
26.000 778.000
26.000 815.000
31.000 264.000
167.000 16.000
13.000 792.000
13.000 827.000
167.000 360.000
167.000 44.000
167.000 71.000
31.000 296.000
167.000 98.000
31.000 329.000
167.000 127.000
319.000 491.000
351.000 491.000
31.000 69.000
186.000 360.000
167.000 155.000
319.000 506.000
351.000 506.000
122.000 98.000
245.000 449.000
0.000 407.000
67.000 84.000
67.000 99.000
91.000 201.000
116.000 201.000
141.000 201.000
46.000 201.000
209.000 115.000
46.000 237.000
110.000 44.000
209.000 143.000
122.000 135.000
67.000 114.000
67.000 129.000
110.000 86.000
76.000 201.000
0.000 609.000
76.000 238.000
110.000 129.000
246.000 227.000
270.000 227.000
12.000 0.000
12.000 28.000
12.000 56.000
27.000 407.000
0.000 249.000
76.000 273.000
0.000 638.000
71.000 36.000
44.000 360.000
342.000 227.000
367.000 227.000
18.000 609.000
0.000 294.000
76.000 309.000
18.000 638.000
57.000 360.000
54.000 407.000
342.000 273.000
342.000 290.000
0.000 340.000
245.000 471.000
38.000 720.000
71.000 52.000
0.000 865.000
38.000 764.000
38.000 809.000
67.000 144.000
246.000 272.000
274.000 272.000
91.000 278.000
91.000 297.000
0.000 981.000
37.000 981.000
375.000 273.000
0.000 766.000
46.000 273.000
0.000 890.000
46.000 313.000
24.000 890.000
71.000 68.000
82.000 407.000
246.000 293.000
274.000 293.000
272.000 13.000
393.000 227.000
51.000 84.000
51.000 123.000
48.000 890.000
0.000 812.000
72.000 890.000
51.000 162.000
24.000 865.000
111.000 407.000
81.000 144.000
141.000 407.000
272.000 44.000
135.000 0.000
135.000 43.000
0.000 428.000
280.000 449.000
393.000 250.000
553.000 227.000
31.000 116.000
96.000 144.000
553.000 258.000
91.000 241.000
128.000 241.000
31.000 157.000
135.000 86.000
61.000 251.000
135.000 131.000
393.000 274.000
12.000 168.000
12.000 208.000
553.000 288.000
209.000 38.000
298.000 449.000
150.000 0.000
150.000 43.000
292.000 0.000
342.000 307.000
209.000 76.000
91.000 259.000
280.000 485.000
128.000 259.000
246.000 249.000
61.000 296.000
12.000 248.000
12.000 288.000
313.000 0.000
150.000 86.000
150.000 131.000
91.000 316.000
91.000 335.000
342.000 335.000
0.000 998.000
33.000 998.000
277.000 249.000
91.000 221.000
128.000 221.000
129.000 316.000
148.000 316.000
130.000 998.000
164.000 998.000
342.000 364.000
0.000 919.000
0.000 948.000
333.000 0.000
265.000 739.000
309.000 249.000
34.000 428.000
590.000 449.000
49.000 919.000
74.000 428.000
237.000 720.000
12.000 84.000
12.000 126.000
80.000 919.000
208.000 845.000
237.000 750.000
227.000 42.000
167.000 263.000
167.000 302.000
51.000 720.000
209.000 267.000
74.000 720.000
234.000 845.000
227.000 129.000
70.000 360.000
51.000 756.000
75.000 756.000
208.000 785.000
246.000 399.000
209.000 313.000
209.000 360.000
99.000 720.000
124.000 720.000
122.000 278.000
122.000 297.000
302.000 272.000
208.000 877.000
234.000 877.000
90.000 360.000
114.000 919.000
138.000 919.000
51.000 791.000
75.000 791.000
208.000 910.000
208.000 815.000
302.000 294.000
553.000 319.000
575.000 319.000
553.000 359.000
575.000 359.000
188.000 0.000
188.000 42.000
208.000 942.000
51.000 827.000
75.000 827.000
227.000 173.000
99.000 792.000
124.000 792.000
99.000 828.000
124.000 828.000
188.000 174.000
188.000 261.000
188.000 304.000
227.000 271.000
227.000 319.000
246.000 422.000
286.000 399.000
235.000 910.000
235.000 943.000
326.000 399.000
188.000 217.000
99.000 754.000
74.000 981.000
209.000 171.000
246.000 316.000
294.000 316.000
318.000 316.000
188.000 84.000
188.000 129.000
280.000 422.000
124.000 754.000
149.000 720.000
110.000 384.000
270.000 316.000
319.000 521.000
368.000 399.000
227.000 220.000
445.000 227.000
158.000 384.000
246.000 356.000
270.000 356.000
383.000 491.000
416.000 491.000
575.000 227.000
472.000 227.000
499.000 227.000
526.000 227.000
420.000 227.000
420.000 267.000
294.000 356.000
318.000 356.000
149.000 754.000
575.000 272.000
410.000 399.000
498.000 399.000
454.000 399.000
411.000 422.000
149.000 790.000
149.000 825.000
319.000 553.000
382.000 521.000
415.000 521.000
350.000 521.000
445.000 264.000
472.000 264.000
294.000 227.000
542.000 399.000
449.000 491.000
178.000 720.000
499.000 264.000
526.000 264.000
349.000 553.000
625.000 449.000
449.000 528.000
132.000 981.000
367.000 307.000
367.000 350.000
392.000 307.000
392.000 352.000
178.000 755.000
380.000 553.000
411.000 553.000
625.000 481.000
625.000 582.000
115.000 428.000
416.000 307.000
493.000 422.000
178.000 791.000
178.000 828.000
590.000 574.000
450.000 422.000
625.000 649.000
625.000 615.000
625.000 683.000
416.000 351.000
195.000 981.000
176.000 428.000
319.000 634.000
539.000 422.000
49.000 865.000
590.000 504.000
590.000 610.000
342.000 249.000
114.000 955.000
590.000 471.000
590.000 540.000
265.000 757.000
449.000 566.000
449.000 604.000
590.000 646.000
171.000 407.000
265.000 863.000
441.000 307.000
308.000 863.000
480.000 491.000
590.000 680.000
347.000 634.000
497.000 307.000
469.000 307.000
525.000 307.000
460.000 449.000
0.000 500.000
265.000 929.000
480.000 524.000
449.000 642.000
483.000 642.000
441.000 351.000
469.000 351.000
377.000 634.000
497.000 351.000
407.000 634.000
265.000 958.000
480.000 562.000
480.000 601.000
525.000 351.000
319.000 676.000
517.000 642.000
551.000 642.000
517.000 491.000
553.000 491.000
315.000 422.000
363.000 422.000
379.000 676.000
309.000 958.000
26.000 919.000
349.000 676.000
491.000 449.000
449.000 680.000
517.000 564.000
483.000 680.000
517.000 527.000
553.000 527.000
410.000 676.000
524.000 449.000
557.000 449.000
517.000 680.000
551.000 680.000
162.000 919.000
517.000 603.000
359.000 903.000
384.000 449.000
308.000 929.000
319.000 588.000
552.000 564.000
552.000 603.000
395.000 903.000
66.000 998.000
428.000 720.000
417.000 449.000
350.000 588.000
265.000 987.000
507.000 903.000
507.000 945.000
381.000 588.000
413.000 588.000
96.000 865.000
96.000 892.000
307.000 987.000
350.000 987.000
393.000 987.000
542.000 903.000
198.000 998.000
579.000 945.000
615.000 945.000
433.000 903.000
150.000 865.000
184.000 919.000
585.000 720.000
619.000 720.000
543.000 945.000
470.000 903.000
433.000 944.000
470.000 944.000
585.000 764.000
0.000 568.000
618.000 764.000
150.000 892.000
436.000 987.000
577.000 903.000
614.000 903.000
585.000 810.000
585.000 857.000
619.000 857.000
359.000 801.000
359.000 849.000
359.000 941.000
396.000 941.000
265.000 891.000
619.000 810.000
392.000 720.000
392.000 765.000
49.000 944.000
265.000 785.000
265.000 822.000
280.000 569.000
309.000 720.000
392.000 810.000
392.000 856.000
428.000 764.000
309.000 755.000
307.000 891.000
280.000 611.000
465.000 764.000
38.000 568.000
237.000 780.000
460.000 720.000
499.000 720.000
538.000 720.000
0.000 527.000
505.000 764.000
354.000 0.000
309.000 789.000
0.000 669.000
38.000 669.000
76.000 669.000
545.000 764.000
486.000 987.000
396.000 0.000
396.000 43.000
115.000 669.000
354.000 42.000
539.000 987.000
438.000 0.000
309.000 826.000
354.000 87.000
396.000 87.000
438.000 42.000
595.000 987.000
80.000 449.000
119.000 449.000
354.000 132.000
396.000 132.000
428.000 809.000
428.000 853.000
40.000 449.000
473.000 809.000
473.000 853.000
37.000 609.000
438.000 85.000
438.000 131.000
73.000 609.000
483.000 0.000
597.000 0.000
246.000 76.000
625.000 515.000
93.000 500.000
246.000 178.000
336.000 178.000
381.000 178.000
291.000 178.000
246.000 122.000
483.000 85.000
483.000 131.000
110.000 609.000
537.000 0.000
292.000 36.000
597.000 45.000
93.000 533.000
483.000 40.000
280.000 654.000
426.000 178.000
280.000 504.000
79.000 568.000
536.000 40.000
476.000 178.000
138.000 568.000
211.000 532.000
211.000 493.000
211.000 569.000
292.000 83.000
519.000 809.000
292.000 130.000
530.000 85.000
159.000 449.000
519.000 852.000
530.000 131.000
46.000 500.000
159.000 504.000
154.000 609.000
597.000 92.000
216.000 609.000
527.000 178.000
154.000 659.000
217.000 659.000
597.000 148.000
597.000 276.000
597.000 209.000
597.000 342.000



0 1 -5 2 3 -5 -5 24 -5 41 -5 50 -5 51 -5 53 -5 29 33 -5 142 -5 150 -5 157 -5 -5 138 139 -5 140 -5 253 254 -5 -5 210 211 -5 225 226 -5 -5 -5 -5 13 62 63 -5 65 -5 -5 69 -5 77 -5 110 -5 83 84 -5 86 -5 145 160 -5 177 -5 -5 -5 35 36 -5 200 -5 205 -5 183 184 -5 188 -5 -5 118 119 -5 129 130 -5 -5 164 191 -5 201 -5 -5 -5 -5 19 20 -5 126 -5 131 -5 135 -5 70 80 81 -5 -5 115 -5 128 -5 -5 194 195 -5 206 208 -5 -5 215 216 -5 228 229 -5 -5 -5 -5 -5 15 16 -5 92 -5 97 -5 104 -5 106 -5 123 125 -5 173 175 -5 -5 -5 55 56 -5 207 -5 224 -5 132 134 -5 143 -5 151 -5 -5 -5 120 121 -5 122 -5 236 237 -5 -5 203 204 -5 220 222 -5 -5 -5 167 168 -5 275 276 -5 -5 230 231 -5 238 239 -5 -5 -5 -5 -5 -5 18 98 -5 102 103 -5 -5 105 -5 107 -5 112 -5 71 72 -5 73 -5 259 260 -5 -5 -5 292 293 -5 319 320 -5 -5 302 312 -5 303 304 -5 -5 -5 -5 -5 22 23 -5 146 -5 153 -5 266 280 -5 -5 78 85 -5 93 -5 101 -5 111 -5 324 330 -5 -5 -5 -5 -5 38 39 -5 213 -5 219 -5 124 127 -5 315 -5 -5 61 64 -5 262 -5 271 272 -5 -5 -5 66 67 -5 258 -5 74 75 -5 265 -5 -5 297 328 -5 305 306 -5 -5 -5 -5 -5 117 141 -5 154 -5 178 -5 190 192 -5 402 -5 -5 196 248 -5 251 -5 376 388 -5 -5 -5 -5 4 7 8 -5 -5 46 52 181 -5 -5 -5 57 60 -5 193 -5 -5 555 562 -5 -5 217 227 -5 245 -5 567 -5 581 583 -5 -5 -5 522 532 -5 529 530 -5 -5 536 537 -5 542 543 -5 -5 -5 -5 534 538 -5 550 551 -5 -5 -5 553 566 -5 570 575 -5 -5 563 564 -5 584 587 -5 -5 -5 -5 558 561 -5 559 560 -5 -5 572 576 -5 593 -5 -5 -5 136 137 -5 357 -5 223 235 -5 247 -5 -5 165 166 -5 179 180 -5 -5 277 287 -5 -5 -5 316 325 -5 317 318 -5 -5 331 332 -5 341 342 -5 -5 -5 -5 147 148 -5 394 -5 155 156 -5 171 -5 -5 182 198 -5 209 -5 339 340 -5 -5 -5 329 336 -5 337 338 -5 -5 355 356 -5 361 362 -5 -5 -5 -5 218 232 -5 242 -5 367 368 -5 -5 369 370 -5 377 386 -5 -5 -5 404 410 -5 409 411 -5 -5 418 419 -5 421 426 -5 -5 -5 -5 -5 -5 199 202 -5 212 -5 335 344 -5 -5 288 289 -5 290 291 -5 -5 -5 -5 270 308 -5 311 327 -5 -5 345 347 -5 346 358 -5 -5 -5 -5 307 321 -5 432 433 -5 -5 348 382 -5 378 390 -5 -5 -5 -5 -5 -5 554 568 -5 591 -5 596 598 -5 -5 597 599 -5 -5 -5 5 6 -5 9 12 -5 -5 14 17 -5 -5 10 11 -5 21 -5 -5 546 -5 540 541 -5 -5 413 520 -5 588 -5 557 569 -5 -5 -5 585 589 -5 -5 486 515 -5 574 577 -5 -5 -5 28 79 -5 94 -5 116 158 -5 -5 579 -5 578 580 -5 -5 -5 133 144 -5 149 152 -5 -5 549 -5 552 565 -5 -5 524 525 -5 526 531 -5 -5 -5 590 592 -5 594 595 -5 -5 -5 -5 197 214 -5 221 -5 573 -5 506 513 -5 571 -5 -5 -5 27 40 -5 59 -5 34 47 -5 48 -5 54 -5 -5 452 460 -5 -5 412 438 -5 445 446 -5 -5 -5 108 109 -5 113 114 -5 -5 333 334 -5 -5 326 354 -5 352 353 -5 -5 -5 351 363 -5 372 373 -5 -5 454 461 -5 465 466 -5 -5 -5 -5 389 408 -5 420 422 -5 -5 427 437 -5 434 444 -5 -5 -5 -5 359 365 -5 399 400 -5 -5 406 415 -5 424 425 -5 -5 -5 430 431 -5 442 443 -5 -5 440 450 -5 455 456 -5 -5 -5 -5 416 417 -5 428 429 -5 -5 439 441 -5 447 448 -5 -5 -5 -5 -5 -5 249 396 -5 392 397 -5 -5 381 393 -5 401 407 -5 -5 -5 -5 364 374 -5 556 -5 375 384 -5 383 385 -5 -5 -5 -5 -5 -5 25 26 -5 172 -5 186 -5 30 31 -5 32 -5 99 100 -5 -5 -5 43 44 -5 95 96 -5 -5 159 162 -5 163 -5 -5 -5 261 263 -5 267 268 -5 -5 283 284 -5 295 296 -5 -5 -5 273 274 -5 313 322 -5 -5 298 299 -5 300 301 -5 -5 -5 -5 -5 323 343 -5 349 350 -5 -5 360 371 -5 379 380 -5 -5 -5 -5 161 189 -5 391 -5 174 176 -5 185 187 -5 -5 -5 467 468 -5 477 488 -5 -5 -5 -5 243 244 -5 436 -5 250 255 -5 503 -5 -5 281 282 -5 395 -5 449 478 -5 -5 -5 -5 37 42 -5 45 68 -5 -5 76 -5 269 286 -5 -5 252 257 -5 516 -5 -5 256 264 -5 278 279 -5 -5 285 294 -5 309 310 -5 -5 -5 -5 -5 169 170 -5 314 -5 366 387 -5 -5 233 234 -5 458 -5 240 241 -5 473 -5 -5 -5 -5 49 58 -5 246 -5 398 -5 504 505 -5 -5 507 511 -5 523 535 -5 -5 -5 403 405 -5 499 512 -5 -5 414 453 -5 423 435 -5 -5 -5 -5 82 88 89 -5 -5 87 90 91 -5 -5 -5 495 496 -5 -5 501 502 -5 508 509 -5 -5 -5 459 517 -5 518 519 -5 -5 510 514 -5 521 527 -5 -5 -5 544 545 -5 547 548 -5 -5 582 586 -5 -5 -5 -5 479 480 -5 485 487 -5 -5 492 500 -5 493 494 -5 -5 -5 -5 451 457 -5 497 498 -5 -5 476 482 -5 483 484 -5 -5 -5 463 472 -5 490 491 -5 -5 464 481 -5 474 475 -5 -5 -5 -5 -5 -5 462 469 -5 470 471 -5 -5 489 528 -5 533 539 -5 -5 -5 -5 -5 -5 
