600
43.00 33.00
65.00 37.00
53.00 34.00
37.00 67.00
29.00 19.00
39.00 49.00
40.00 18.00
22.00 40.00
50.00 62.00
16.00 41.00
18.00 52.00
39.00 59.00
61.00 28.00
48.00 57.00
63.00 43.00
59.00 52.00
36.00 57.00
44.00 66.00
48.00 51.00
31.00 50.00
37.00 19.00
64.00 50.00
49.00 34.00
20.00 49.00
45.00 28.00
54.00 39.00
55.00 40.00
25.00 65.00
39.00 46.00
24.00 62.00
24.00 26.00
26.00 34.00
43.00 53.00
22.00 35.00
27.00 54.00
31.00 38.00
39.00 67.00
20.00 60.00
23.00 57.00
52.00 55.00
26.00 29.00
27.00 55.00
62.00 53.00
61.00 46.00
65.00 47.00
23.00 44.00
39.00 22.00
65.00 33.00
57.00 27.00
47.00 65.00
67.00 32.00
38.00 57.00
54.00 45.00
43.00 21.00
18.00 61.00
34.00 56.00
17.00 63.00
18.00 47.00
46.00 34.00
50.00 37.00
40.00 23.00
33.00 23.00
60.00 19.00
36.00 45.00
50.00 47.00
57.00 56.00
67.00 61.00
44.00 40.00
52.00 63.00
54.00 27.00
42.00 42.00
64.00 22.00
61.00 61.00
61.00 67.00
38.00 42.00
19.00 28.00
22.00 33.00
66.00 57.00
36.00 32.00
60.00 41.00
16.00 58.00
40.00 50.00
47.00 57.00
22.00 16.00
67.00 22.00
20.00 25.00
56.00 37.00
39.00 44.00
37.00 24.00
38.00 27.00
39.00 33.00
56.00 33.00
26.00 16.00
65.00 35.00
41.00 59.00
51.00 19.00
40.00 66.00
17.00 67.00
22.00 62.00
49.00 66.00

27.00 15.00
27.00 16.00
22.00 26.00
21.00 45.00
40.00 45.00
16.00 26.00
38.00 27.00
35.00 29.00
21.00 36.00
44.00 25.00
15.00 31.00
41.00 24.00
17.00 19.00
33.00 48.00
44.00 21.00
34.00 15.00
45.00 42.00
41.00 37.00
43.00 44.00
36.00 23.00
13.00 17.00
28.00 44.00
35.00 29.00
40.00 17.00
18.00 24.00
29.00 43.00
27.00 18.00
38.00 40.00
24.00 12.00
29.00 30.00
20.00 28.00
32.00 36.00
19.00 22.00
45.00 46.00
29.00 12.00
12.00 26.00
27.00 30.00
12.00 29.00
21.00 19.00
12.00 13.00
19.00 47.00
36.00 19.00
46.00 25.00
39.00 21.00
27.00 24.00
24.00 25.00
19.00 13.00
42.00 40.00
28.00 34.00
24.00 48.00
19.00 14.00
14.00 16.00
37.00 18.00
36.00 12.00
30.00 34.00
26.00 31.00
46.00 31.00
47.00 48.00
25.00 25.00
47.00 38.00
39.00 16.00
31.00 45.00
46.00 36.00
36.00 46.00
33.00 15.00
13.00 23.00
42.00 45.00
14.00 33.00
28.00 45.00
36.00 27.00
16.00 45.00
34.00 32.00
32.00 15.00
12.00 46.00
43.00 34.00
20.00 37.00
39.00 36.00
40.00 18.00
42.00 16.00
40.00 25.00
36.00 15.00
15.00 32.00
39.00 24.00
37.00 41.00
34.00 38.00
34.00 43.00
39.00 44.00
45.00 48.00
29.00 44.00
20.00 42.00
46.00 24.00
43.00 21.00
45.00 47.00
20.00 24.00
31.00 19.00
44.00 37.00
46.00 33.00
40.00 15.00
13.00 35.00
40.00 17.00
44.00 45.00
30.00 36.00
40.00 36.00
34.00 34.00
42.00 14.00
35.00 33.00
12.00 33.00
32.00 15.00
37.00 38.00
42.00 46.00
39.00 42.00
13.00 21.00
30.00 25.00
36.00 24.00
34.00 44.00
34.00 22.00
28.00 19.00
39.00 21.00
44.00 38.00
28.00 45.00
36.00 36.00
34.00 38.00
43.00 20.00
23.00 36.00
31.00 35.00
46.00 42.00
22.00 12.00
25.00 43.00
44.00 28.00
34.00 22.00
30.00 26.00
48.00 45.00
18.00 39.00
15.00 43.00
34.00 47.00
45.00 15.00
37.00 12.00
21.00 28.00
42.00 28.00
36.00 37.00
12.00 43.00
19.00 45.00
27.00 37.00
24.00 25.00
15.00 40.00
13.00 45.00
48.00 33.00
30.00 42.00
18.00 20.00
47.00 22.00
23.00 31.00
18.00 42.00
16.00 19.00
41.00 30.00
22.00 17.00
25.00 14.00
28.00 16.00
20.00 25.00
23.00 13.00
44.00 32.00
27.00 16.00
46.00 47.00
31.00 18.00
33.00 22.00
36.00 41.00
21.00 17.00
34.00 36.00
36.00 37.00
24.00 41.00
24.00 39.00
29.00 45.00
22.00 40.00
27.00 13.00
25.00 32.00
43.00 16.00
15.00 16.00
33.00 38.00
41.00 37.00
17.00 19.00
46.00 34.00
19.00 40.00
30.00 28.00
45.00 24.00
33.00 39.00
46.00 25.00
27.00 34.00
31.00 33.00
36.00 38.00
37.00 40.00
44.00 12.00
37.00 27.00
16.00 34.00
29.00 48.00
33.00 17.00
28.00 13.00
33.00 13.00
41.00 41.00
37.00 28.00
48.00 19.00
31.00 36.00
43.00 37.00
26.00 29.00
34.00 39.00
15.00 28.00
41.00 33.00
21.00 15.00
42.00 35.00
33.00 28.00
27.00 20.00
45.00 36.00
13.00 24.00
16.00 12.00
21.00 42.00
32.00 14.00
17.00 27.00
29.00 21.00
42.00 19.00
20.00 48.00
43.00 15.00
28.00 18.00
30.00 37.00
13.00 45.00
34.00 25.00
22.00 19.00
45.00 21.00
47.00 38.00
39.00 16.00
13.00 32.00
21.00 20.00
24.00 48.00
30.00 33.00
16.00 30.00
42.00 23.00
16.00 13.00
33.00 18.00
22.00 46.00
27.00 39.00
21.00 40.00
27.00 39.00
40.00 22.00
23.00 19.00
13.00 24.00
22.00 40.00
37.00 34.00
37.00 13.00
36.00 24.00
23.00 44.00
36.00 39.00
43.00 31.00
35.00 27.00
31.00 34.00
43.00 34.00
19.00 28.00
15.00 13.00
24.00 13.00
47.00 39.00
21.00 13.00
17.00 33.00
44.00 34.00
26.00 12.00
19.00 12.00
12.00 45.00
27.00 48.00
47.00 46.00
45.00 23.00
45.00 15.00
45.00 48.00
34.00 39.00
22.00 25.00
37.00 18.00
23.00 15.00
42.00 24.00
24.00 35.00
21.00 30.00
33.00 21.00
22.00 28.00
31.00 14.00
12.00 47.00
13.00 42.00
39.00 43.00
31.00 22.00
30.00 18.00
44.00 30.00
13.00 15.00
30.00 21.00
13.00 33.00
36.00 41.00
42.00 21.00
28.00 36.00
33.00 37.00
16.00 27.00
28.00 43.00
24.00 39.00
43.00 19.00
17.00 26.00
43.00 13.00
16.00 27.00
38.00 31.00
33.00 40.00
13.00 13.00

36.00 16.00
19.00 39.00
41.00 35.00
18.00 47.00
26.00 32.00
35.00 31.00
29.00 13.00
28.00 21.00
32.00 15.00
46.00 34.00
45.00 32.00
14.00 36.00
36.00 42.00
48.00 45.00
15.00 25.00
45.00 46.00
18.00 22.00
33.00 26.00
34.00 19.00
30.00 12.00
28.00 33.00
44.00 39.00
26.00 39.00
40.00 25.00
25.00 15.00
36.00 36.00
43.00 25.00
34.00 15.00
46.00 38.00
12.00 37.00
17.00 27.00
37.00 16.00
23.00 32.00
18.00 36.00
19.00 38.00
15.00 33.00
28.00 12.00
16.00 21.00
33.00 26.00
30.00 42.00
28.00 41.00
16.00 16.00
19.00 44.00
40.00 34.00
27.00 16.00
14.00 37.00
48.00 15.00
23.00 14.00
24.00 26.00
40.00 31.00
33.00 42.00
27.00 48.00
27.00 37.00
17.00 18.00
43.00 16.00
13.00 46.00
22.00 25.00
19.00 48.00
19.00 41.00
46.00 46.00
30.00 35.00
33.00 34.00
37.00 45.00
15.00 35.00
47.00 48.00
30.00 33.00
31.00 31.00
44.00 37.00
35.00 24.00
19.00 38.00
36.00 14.00
42.00 34.00
34.00 33.00
18.00 38.00
29.00 18.00
23.00 27.00
14.00 12.00
24.00 16.00
26.00 43.00
19.00 37.00
14.00 15.00
32.00 20.00
32.00 33.00
19.00 37.00
43.00 37.00
48.00 37.00
24.00 24.00
45.00 19.00
28.00 43.00
12.00 35.00
45.00 24.00
44.00 28.00
42.00 24.00
43.00 21.00
15.00 16.00
36.00 25.00
25.00 45.00
25.00 28.00
16.00 26.00
37.00 20.00
27.00 25.00
40.00 48.00
25.00 38.00
32.00 32.00
36.00 25.00
42.00 31.00
34.00 39.00
45.00 16.00
33.00 12.00
12.00 22.00
44.00 23.00
18.00 13.00
18.00 46.00
43.00 28.00
39.00 19.00
37.00 30.00
37.00 42.00
24.00 37.00
39.00 35.00
24.00 36.00
15.00 45.00
32.00 45.00
43.00 30.00
13.00 35.00
13.00 39.00
18.00 28.00
38.00 28.00
24.00 22.00
36.00 25.00
44.00 46.00
44.00 45.00
36.00 20.00
38.00 16.00
14.00 12.00
29.00 16.00
15.00 37.00
24.00 19.00
22.00 18.00
30.00 22.00
33.00 31.00
12.00 16.00
25.00 34.00
27.00 46.00
46.00 44.00
25.00 29.00
45.00 34.00
33.00 34.00
12.00 31.00
17.00 25.00
22.00 22.00
13.00 30.00
16.00 27.00
33.00 33.00
40.00 12.00
42.00 44.00
12.00 13.00
19.00 42.00
42.00 12.00
28.00 17.00
24.00 36.00
12.00 36.00
19.00 31.00
30.00 12.00
46.00 47.00
32.00 27.00
41.00 33.00
36.00 12.00
47.00 14.00
37.00 25.00
46.00 28.00
22.00 45.00
35.00 34.00
31.00 25.00
42.00 22.00
25.00 20.00
34.00 12.00
20.00 16.00
21.00 31.00
20.00 16.00
45.00 41.00
19.00 21.00
15.00 42.00
33.00 12.00
37.00 16.00
20.00 19.00
13.00 44.00
13.00 48.00
22.00 24.00
24.00 40.00
31.00 20.00
37.00 34.00
42.00 37.00
22.00 28.00
42.00 43.00
42.00 43.00
25.00 36.00
39.00 16.00
47.00 35.00
22.00 40.00
34.00 40.00




