602.833
1042.357
600
16.547 9.428
16.547 9.428
18.145 9.259
18.145 9.259
18.145 9.314
19.207 9.996
19.207 9.996
19.507 9.996
19.507 9.996
11.031 18.856
11.137 18.856
18.430 11.992
18.430 12.154
18.430 12.371
17.049 13.725
17.049 14.077
17.049 14.077
17.049 14.488
21.627 11.837
22.302 11.837
21.882 12.065
22.047 12.065
22.750 12.000
22.750 12.000
12.000 24.000
18.545 16.123
18.545 16.123
18.856 16.123
18.980 16.123
24.324 12.827
24.402 12.786
24.324 12.827
24.402 12.786
24.324 12.827
24.402 12.909
20.951 15.274
20.951 15.274
24.361 13.218
24.361 13.259
24.361 13.259
21.998 15.274
21.998 15.274
26.198 13.169
26.198 13.284
26.198 13.284
14.943 23.423
14.986 23.423
15.028 23.423
20.378 17.519
20.550 17.519
20.464 17.592
20.464 17.592
21.055 17.288
21.518 17.288
21.258 17.593
21.315 17.593
21.230 17.664
21.343 17.664
21.175 17.946
21.398 17.946
19.541 19.958
19.541 20.265
19.628 20.175
19.690 20.112
19.628 20.175
19.690 20.112
19.628 20.328
19.628 20.328
27.992 14.468
27.992 14.575
28.197 14.753
28.197 14.753
28.197 14.753
28.197 14.753
28.784 14.522
28.784 14.522
18.798 22.343
18.798 22.343
18.798 22.343
18.683 22.748
18.858 22.748
18.858 22.748
28.200 15.319
28.200 15.319
28.086 15.381
28.200 15.319
28.200 15.319
28.200 15.319
28.200 15.319
28.086 15.381
28.200 15.319
28.200 15.319
28.314 15.328
28.314 15.434
29.301 15.085
29.301 15.153
29.301 15.153
28.385 15.783
28.385 15.783
18.910 24.062
18.910 24.062
18.951 24.062
28.385 16.170
28.385 16.170
15.940 28.984
16.009 28.984
16.044 28.984
15.721 30.278
28.341 16.936
28.341 16.936
28.319 16.950
28.319 16.950
28.349 16.932
28.341 16.936
28.341 16.936
28.349 16.967
15.986 30.278
16.051 30.278
26.973 18.352
26.973 18.352
22.457 22.265
22.457 22.265
22.457 22.265
22.636 22.265
27.464 18.352
22.636 22.265
27.464 18.352
22.636 22.265
24.275 20.886
24.419 20.886
24.419 20.886
28.679 17.992
28.679 18.062
29.040 17.975
29.040 18.079
25.431 20.762
25.431 20.762
25.431 20.762
25.624 20.762
25.624 20.762
25.624 20.762
17.751 30.421
17.751 30.421
17.751 30.421
17.751 30.421
26.385 20.618
26.482 20.618
26.397 20.836
26.397 20.836
26.469 20.817
26.469 20.854
26.573 20.886
26.717 20.886
26.765 20.886
27.003 20.738
27.003 20.775
27.003 20.775
24.741 22.796
25.092 22.796
25.092 22.796
18.935 30.421
18.935 30.421
33.468 17.479
33.468 17.479
19.237 30.566
19.237 30.566
19.237 30.566
33.468 17.599
33.468 17.599
24.667 24.000
24.667 24.000
24.750 24.000
19.258 31.051
19.323 31.051
34.452 17.416
19.323 31.051
34.452 17.416
34.452 17.648
34.452 17.677
23.862 25.815
23.862 25.815
18.482 33.545
18.512 33.545
23.966 26.037
23.966 26.037
23.966 26.037
23.966 26.037
23.966 26.037
23.966 26.037
18.631 33.545
34.520 18.250
34.520 18.250
34.520 18.250
24.792 25.815
35.360 18.241
35.360 18.241
35.360 18.269
35.561 18.222
35.561 18.222
35.561 18.306
32.165 20.395
32.165 20.457
32.165 20.519
25.799 25.815
25.799 25.815
20.058 33.504
20.147 33.504
19.601 34.436
20.147 33.504
19.601 34.436
19.747 34.436
19.747 34.436
33.403 20.417
33.403 20.477
33.403 20.477
20.680 33.270
20.680 33.270
20.830 33.270
36.372 19.245
19.653 35.720
19.681 35.720
19.681 35.720
19.681 35.720
36.372 19.603
36.629 19.657
36.679 19.630
36.629 19.657
36.679 19.630
36.629 19.657
36.629 19.657
36.679 19.684
36.679 19.684
36.461 19.885
36.236 20.035
36.236 20.035
36.461 20.186
36.935 20.035
36.935 20.035
36.985 20.035
36.985 20.035
27.456 27.244
27.456 27.244
29.053 25.815
27.713 27.208
27.713 27.208
27.713 27.280
27.713 27.280
27.878 27.226
27.878 27.262
27.376 28.127
27.554 28.127
27.447 28.382
27.482 28.382
27.330 29.199
27.330 29.199
27.407 29.190
27.613 29.190
27.750 29.190
27.989 29.190
28.049 29.199
28.049 29.199
36.524 22.670
36.612 22.615
36.524 22.670
36.612 22.725
36.394 22.971
36.394 23.081
36.568 22.971
36.568 22.971
36.568 22.971
36.568 22.971
36.742 23.026
36.742 23.026
38.523 22.065
38.523 22.065
38.035 22.479
38.035 22.479
38.057 22.545
38.013 22.571
38.013 22.571
38.057 22.598
38.062 22.700
36.568 23.627
36.568 23.627
36.568 23.627
36.568 23.627
38.062 22.857
38.512 22.850
38.600 22.798
38.600 22.798
38.600 22.798
38.600 22.798
38.600 22.850
38.600 22.850
38.687 22.850
38.984 22.779
38.984 22.779
38.385 23.264
38.600 23.316
38.600 23.316
38.600 23.316
38.600 23.316
38.815 23.264
38.600 23.394
38.600 23.394
32.278 28.254
32.278 28.254
32.526 28.224
32.526 28.285
42.653 21.663
42.653 21.663
42.653 21.663
42.653 21.663
37.402 24.731
37.524 24.731
42.086 22.240
42.086 22.240
42.086 22.240
42.086 22.240
42.182 22.403
42.625 22.170
42.625 22.170
42.625 22.287
42.625 22.334
34.063 28.183
34.063 28.183
34.187 28.110
34.187 28.257
34.435 28.140
34.435 28.227
42.182 23.233
43.124 22.818
43.124 22.818
38.732 25.560
38.732 25.560
38.732 25.560
38.732 25.793
39.015 25.606
39.015 25.606
39.015 25.631
39.015 25.631
42.441 23.751
42.441 23.751
42.441 23.751
42.504 23.809
42.504 23.809
42.504 23.809
42.504 23.809
42.694 23.751
42.463 23.903
42.463 23.903
42.463 24.021
42.546 24.045
42.546 24.045
42.629 24.021
42.463 24.162
42.463 24.162
33.317 31.036
33.317 31.066
33.317 31.096
33.317 31.516
26.500 39.736
26.500 39.736
27.390 38.481
27.442 38.481
44.333 24.000
29.329 36.517
38.626 27.831
44.174 24.336
42.586 25.360
42.586 25.360
42.586 25.360
44.174 24.562
44.174 24.562
43.929 24.767
43.929 24.790
43.401 25.299
43.401 25.345
43.401 25.437
45.848 24.210
45.848 24.210
45.726 24.406
45.726 24.450
44.242 25.360
44.242 25.360
44.242 25.360
45.726 24.603
43.441 26.219
43.441 26.242
45.848 25.039
38.213 30.095
38.213 30.095
38.188 30.167
38.188 30.167
38.188 30.167
38.188 30.167
38.213 30.226
38.213 30.252
39.589 29.705
39.422 29.882
39.422 29.882
39.589 30.059
39.440 30.426
39.506 30.477
39.506 30.477
39.571 30.426
41.234 29.612
41.234 29.685
41.529 29.618
41.562 29.642
41.562 29.642
41.529 29.666
41.858 29.624
41.858 29.672
42.949 29.034
41.446 30.256
41.546 30.280
41.546 30.280
41.546 30.328
41.546 30.328
41.645 30.256
41.546 30.328
41.546 30.328
42.949 29.710
42.949 29.966
42.949 29.966
42.949 29.989
42.949 30.036
43.270 29.859
43.270 29.859
43.270 29.951
43.270 29.951
43.270 29.951
43.270 29.951
43.270 30.090
43.270 30.159
42.949 30.525
43.441 30.386
43.441 30.386
46.607 28.451
46.607 28.451
46.607 28.451
44.957 29.628
44.957 29.628
46.607 28.601
38.109 35.503
38.109 35.503
48.122 28.261
48.122 28.261
48.122 28.345
48.122 28.365
44.430 30.790
44.430 31.195
44.430 31.330
44.430 31.398
39.715 35.352
39.715 35.352
44.957 31.274
39.828 35.352
39.828 35.352
40.580 34.968
40.580 35.141
40.580 35.190
40.580 35.363
40.928 35.184
40.928 35.184
40.928 35.184
41.660 34.998
41.660 34.998
41.774 34.998
41.774 34.998
41.433 35.286
41.660 35.285
41.774 35.285
41.717 35.381
41.717 35.381
41.433 35.720
38.131 38.944
38.208 38.944
38.414 38.944
38.414 38.944
42.573 35.516
42.827 35.422
42.827 35.422
42.827 35.422
42.827 35.445
42.573 35.704
38.199 40.054
38.199 40.289
38.601 40.155
38.199 40.682
38.199 40.682
38.601 40.517
38.601 40.517
38.601 40.517
39.380 40.223
39.256 40.350
39.355 40.427
39.355 40.427
39.281 40.630
39.331 40.630
56.777 28.533
56.777 28.533
56.777 28.621
56.777 28.674
56.777 28.674
56.777 28.850
56.777 28.973
56.771 29.170
56.771 29.170
56.394 29.525
56.394 29.542
56.394 29.649
56.394 29.737
56.394 29.791
56.394 29.808
56.771 30.086
56.400 30.426
56.400 30.426
56.400 30.426
56.400 30.993
52.468 33.544
52.468 33.620
39.127 45.391
52.468 34.040
52.468 34.040
39.523 45.391
53.341 33.745
53.341 33.783
53.341 33.858
53.341 33.858
56.771 32.288
56.771 32.499
54.794 33.726
47.993 38.506
54.794 33.763
58.810 32.138
58.810 32.138
56.668 33.388
56.698 33.582
56.698 33.705
56.683 33.873
56.683 34.084
56.683 34.084
59.635 33.202
59.635 33.202
54.437 36.740
59.635 33.940
59.635 33.940
58.046 35.351
57.594 35.941
57.594 35.941
57.470 36.054
59.573 35.351
63.343 33.390
63.343 33.405
64.211 33.390
64.211 33.405
53.976 40.018
53.976 40.018
53.976 40.018
53.976 40.018
38.274 56.488
38.274 56.488
38.274 56.488
38.345 56.488
35.319 62.289
38.114 59.190
38.114 59.190
38.435 59.190
38.503 59.190
36.151 63.650
57.712 40.719
57.904 41.534
57.904 41.776
57.904 41.966
57.712 42.417
57.712 42.625
55.626 44.565
47.725 54.751
43.017 61.371
42.090 63.650
60.352 44.887
44.581 61.371
62.189 45.121
60.803 47.037
61.738 47.037
57.351 53.269
57.351 53.269
57.595 53.269
58.196 53.269
78.029 40.908
78.029 41.011
75.087 43.070
78.762 41.594
78.762 41.721
44.662 83.314
49.447 76.081
61.712 66.227
61.712 66.227

0.000 0.000
0.000 9.428
0.000 149.541
0.000 158.799
0.000 168.058
0.000 18.856
0.000 28.852
19.207 18.856
19.207 28.852
16.547 0.000
27.578 0.000
0.000 616.501
0.000 628.493
0.000 640.647
0.000 750.785
0.000 764.510
0.000 778.587
0.000 792.664
299.732 0.000
321.358 0.000
299.732 11.837
321.613 11.837
449.667 616.501
449.667 628.501
472.417 616.501
449.667 801.659
468.212 801.659
486.757 801.659
505.613 801.659
230.492 750.785
282.258 750.785
230.492 763.612
282.258 763.571
230.492 776.439
282.258 776.357
113.170 149.541
113.170 164.815
230.492 789.266
230.492 802.484
230.492 815.743
134.121 149.541
134.121 164.815
281.353 789.266
281.353 802.435
281.353 815.719
113.170 389.314
128.113 389.314
143.099 389.314
282.480 149.541
302.859 149.541
282.480 167.059
302.944 167.059
282.480 290.203
303.535 290.203
282.480 361.141
303.738 361.141
282.480 378.734
303.710 378.734
282.480 307.491
303.655 307.491
447.422 149.541
447.422 169.499
447.422 230.394
466.963 149.541
467.050 230.394
466.963 169.652
447.422 250.569
467.050 250.569
0.000 386.600
0.000 401.068
56.777 386.600
84.973 386.600
56.777 401.353
84.973 401.353
27.992 386.600
27.992 401.121
56.777 504.822
75.574 504.822
94.372 504.822
56.771 149.541
75.453 149.541
94.312 149.541
56.771 263.567
56.771 294.205
56.771 324.844
84.971 263.567
84.971 294.205
56.771 278.886
56.771 309.524
56.771 340.225
84.971 278.886
84.971 309.524
84.857 324.844
84.857 340.172
0.000 863.661
0.000 878.746
0.000 893.899
0.000 265.798
28.385 265.798
0.000 330.250
18.910 330.250
37.820 330.250
0.000 281.581
28.385 281.581
0.000 683.296
15.940 683.296
31.949 683.296
0.000 653.018
230.492 907.113
258.834 907.113
230.492 975.070
230.492 992.020
258.812 975.070
230.492 924.049
258.834 924.049
258.812 992.002
15.721 653.018
31.707 653.018
220.406 616.501
220.406 634.853
47.758 616.501
47.758 638.766
47.758 661.031
70.215 616.501
247.379 616.501
70.215 638.766
247.379 634.853
70.215 661.031
449.667 666.316
473.942 666.316
498.360 666.316
334.478 616.501
334.478 634.493
363.157 616.501
363.157 634.476
449.667 687.202
475.098 687.202
500.529 687.202
525.961 687.202
551.585 687.202
577.209 687.202
220.406 689.944
238.157 689.944
220.406 720.365
238.157 720.365
334.478 688.496
360.863 688.496
334.478 709.114
334.478 729.950
360.875 709.114
360.875 729.931
522.779 666.316
549.352 666.316
576.069 666.316
387.344 688.496
387.344 709.234
387.344 730.010
449.667 817.781
474.408 817.781
499.500 817.781
255.908 689.944
255.908 720.365
153.116 0.000
153.116 17.479
334.050 750.785
353.288 750.785
372.525 750.785
153.116 34.959
153.116 52.557
528.750 616.501
553.417 616.501
578.083 616.501
391.763 750.785
411.021 750.785
186.584 0.000
430.344 750.785
186.584 17.416
186.584 34.831
186.584 52.479
449.667 640.501
473.529 640.501
230.492 829.002
248.975 829.002
286.118 829.002
310.084 829.002
310.084 855.039
286.118 855.039
310.084 881.076
286.118 881.076
267.487 829.002
449.667 707.963
449.667 726.214
449.667 744.464
497.391 640.501
531.912 707.963
531.912 726.204
531.912 744.445
567.272 707.963
567.272 726.186
567.272 744.408
449.667 865.308
449.667 885.703
449.667 906.160
522.183 640.501
547.982 640.501
107.951 863.661
128.009 863.661
221.036 0.000
148.156 863.661
240.637 0.000
260.238 0.000
279.985 0.000
524.849 865.308
524.849 885.725
524.849 906.202
168.303 863.661
188.983 863.661
209.662 863.661
38.715 0.000
221.036 34.436
260.370 34.436
240.689 34.436
280.051 34.436
38.715 19.245
153.116 70.156
226.373 70.156
153.116 89.813
263.052 70.156
189.744 89.813
189.744 70.156
226.373 89.786
263.052 89.786
153.116 109.470
189.576 109.470
189.576 129.505
153.116 129.354
225.812 109.470
225.812 129.505
262.747 109.470
262.747 129.505
119.733 750.785
119.733 778.029
573.781 640.501
175.067 750.785
202.780 750.785
175.067 777.993
202.780 777.993
147.189 750.785
147.189 778.011
0.000 807.152
27.376 807.152
0.000 835.279
27.447 835.279
119.733 805.273
147.064 805.273
119.733 834.472
175.130 834.472
202.743 834.472
147.140 834.472
174.394 805.273
202.443 805.273
282.480 431.914
319.004 431.914
282.480 454.584
319.004 454.529
282.480 524.508
282.480 547.479
282.480 570.559
282.480 593.530
319.049 570.559
319.049 593.530
318.875 524.508
318.875 547.534
0.000 81.919
38.523 81.919
77.046 81.919
115.081 81.919
77.046 104.398
115.103 104.398
115.103 126.969
77.046 126.943
0.000 103.983
282.480 477.254
282.480 500.881
319.049 477.254
319.049 500.881
0.000 126.683
355.617 431.914
355.617 477.614
355.617 500.412
394.216 477.614
394.216 500.412
355.617 454.764
394.216 454.764
394.129 431.914
38.062 103.983
38.062 126.762
355.617 523.210
355.617 569.868
394.216 569.868
355.617 593.185
394.216 593.185
394.001 523.210
355.617 546.474
394.216 546.474
54.929 807.152
54.929 835.407
87.208 807.152
87.208 835.376
432.816 431.914
432.816 453.577
475.469 453.577
475.469 431.914
449.667 840.577
487.069 840.577
518.123 431.914
518.123 454.154
518.123 476.395
518.123 498.635
432.816 475.240
560.208 431.914
560.208 454.084
560.208 476.254
560.208 498.541
51.484 750.785
51.484 778.969
85.547 750.785
85.547 778.895
17.049 750.785
17.049 778.925
432.816 497.643
474.998 475.240
474.998 498.058
204.734 389.314
204.734 440.667
204.734 466.228
204.734 414.874
243.466 389.314
243.466 414.920
243.466 440.525
243.466 466.157
432.816 520.875
517.951 520.875
560.392 520.875
432.816 544.626
475.320 544.626
517.825 544.626
560.329 544.626
475.257 520.875
432.816 568.435
475.279 568.435
517.742 568.435
517.742 592.456
560.288 592.456
560.204 568.435
432.816 592.339
475.279 592.339
204.734 491.788
204.734 554.340
204.734 585.405
204.734 522.824
307.551 789.266
254.853 789.266
306.660 750.785
254.816 750.785
484.417 616.501
18.430 616.501
18.145 149.541
343.661 0.000
299.732 73.460
299.732 98.820
299.732 124.180
343.661 24.336
343.661 48.898
299.732 23.902
299.732 48.670
386.560 73.460
386.560 98.759
386.560 124.103
387.835 0.000
387.835 24.210
433.683 0.000
433.683 24.406
342.318 73.460
342.318 98.820
342.318 124.180
433.683 48.856
113.170 503.268
113.170 529.487
387.835 48.421
447.422 311.247
447.422 341.342
485.635 311.247
485.635 371.580
485.635 401.747
485.635 341.414
447.422 371.437
447.422 401.662
523.822 311.247
563.412 311.247
563.412 341.129
523.822 340.952
523.822 371.011
523.822 401.437
563.328 401.437
563.262 371.011
199.389 149.541
199.389 179.153
199.389 208.837
240.918 208.837
240.918 238.479
199.389 238.455
240.623 149.541
240.623 179.165
113.170 210.613
199.389 268.122
199.389 298.378
240.935 298.378
199.389 328.658
199.389 358.986
240.836 268.122
240.935 328.658
240.935 358.986
113.170 239.648
113.170 269.357
113.170 299.323
113.170 329.289
113.170 359.278
156.119 149.541
156.119 179.400
156.119 269.508
156.119 299.460
156.119 329.411
156.119 359.363
156.119 209.259
156.119 239.349
113.170 180.089
113.170 555.729
113.170 586.115
158.127 389.314
158.127 446.366
158.127 474.817
113.170 444.011
113.170 473.639
158.127 417.765
367.880 290.203
367.880 325.706
156.612 503.268
156.612 531.529
156.612 559.791
156.612 588.136
238.050 491.788
238.050 522.578
238.050 553.773
238.050 585.103
367.880 361.209
367.880 396.562
113.170 412.737
407.594 361.209
407.594 396.562
323.408 149.541
323.408 219.872
323.408 255.013
323.408 184.509
282.480 184.651
282.480 219.835
282.480 255.019
363.988 149.541
363.988 184.538
405.648 149.541
405.648 184.538
405.989 290.203
363.988 219.536
405.648 219.536
363.988 254.822
405.705 254.822
405.989 325.489
449.667 762.714
487.798 762.714
526.006 762.714
564.420 762.714
282.480 396.398
325.053 290.203
325.053 361.047
325.053 325.625
325.053 396.469
282.480 325.437
526.034 149.541
526.034 189.594
564.233 149.541
526.034 229.883
526.034 270.565
564.233 230.213
564.233 189.695
564.233 270.730
486.653 149.541
447.422 270.897
486.678 230.394
486.678 270.820
447.422 189.764
486.703 189.764
0.000 502.088
0.000 530.620
0.000 415.643
0.000 559.153
0.000 587.827
0.000 444.264
0.000 473.114
0.000 207.458
0.000 236.628
56.777 445.755
56.777 475.280
56.777 416.106
56.777 556.955
56.777 527.165
56.777 586.693
0.000 177.372
56.771 172.289
56.771 202.715
56.771 233.141
56.771 355.606
343.858 907.113
343.858 940.657
29.301 863.661
343.858 974.278
343.858 1008.317
68.428 863.661
396.326 907.113
396.326 940.858
396.326 974.641
396.326 1008.499
0.000 354.312
0.000 297.751
47.993 683.296
0.000 712.279
47.993 717.022
102.787 683.296
161.597 683.296
230.492 1008.970
287.160 975.070
287.160 1008.652
287.175 907.113
230.492 940.986
287.175 940.986
274.843 616.501
274.843 649.703
220.406 653.204
274.843 682.905
274.843 716.845
102.787 715.434
334.478 652.555
392.072 652.555
392.197 616.501
160.833 715.434
92.852 616.501
92.852 649.891
156.195 616.501
156.195 649.891
0.000 909.052
53.976 909.052
0.000 949.070
53.976 949.070
449.667 926.679
526.215 926.679
487.941 926.679
564.489 926.679
414.347 688.496
449.667 983.167
487.781 983.167
525.895 983.167
564.331 983.167
524.593 801.659
334.050 781.351
391.763 781.837
391.763 823.371
391.763 865.147
334.050 822.070
334.050 864.488
230.492 862.548
484.187 707.963
481.832 865.308
560.744 801.659
107.951 897.165
558.252 865.308
168.303 896.931
107.951 942.051
168.754 942.051
0.000 989.088
57.351 989.088
114.702 989.088
172.297 989.088
75.087 0.000
75.087 40.908
0.000 38.848
479.409 0.000
479.409 41.594
558.171 0.000
429.961 73.460
479.409 83.314
541.121 83.314



0 1 -5 9 10 -5 -5 5 6 -5 7 8 -5 -5 -5 218 223 -5 -5 593 -5 591 592 -5 -5 273 274 -5 281 286 -5 295 296 -5 -5 -5 275 276 -5 277 280 -5 278 279 -5 -5 -5 -5 -5 162 163 -5 167 168 -5 -5 174 176 -5 177 178 -5 -5 -5 207 209 -5 210 211 -5 -5 219 221 -5 220 222 -5 -5 -5 -5 224 229 -5 226 228 -5 -5 225 227 -5 230 231 -5 -5 -5 232 235 -5 233 234 -5 -5 236 237 -5 238 239 -5 -5 -5 -5 -5 -5 18 19 -5 20 21 -5 -5 374 -5 375 -5 368 372 -5 373 -5 -5 379 380 -5 389 -5 381 382 -5 386 -5 -5 -5 369 370 371 -5 -5 383 384 385 -5 -5 -5 376 377 -5 378 -5 597 -5 -5 -5 594 595 -5 596 -5 598 599 -5 -5 -5 -5 2 3 -5 4 -5 367 -5 516 -5 508 509 -5 -5 97 98 -5 102 103 -5 -5 532 -5 99 100 101 -5 -5 531 -5 -5 -5 79 80 -5 81 -5 517 -5 518 519 -5 -5 82 85 -5 87 90 -5 -5 83 86 -5 88 91 -5 -5 -5 84 89 -5 92 93 -5 -5 520 -5 -5 -5 -5 68 69 -5 74 75 -5 -5 503 -5 506 507 -5 -5 501 502 -5 504 505 -5 -5 -5 70 71 -5 72 73 -5 -5 512 -5 510 511 -5 -5 76 77 78 -5 -5 514 -5 513 515 -5 -5 -5 -5 -5 35 36 -5 40 41 -5 -5 436 -5 414 423 -5 -5 424 425 -5 426 427 -5 -5 -5 428 429 -5 434 435 -5 -5 430 431 -5 432 433 -5 -5 -5 -5 406 407 -5 412 413 -5 -5 408 411 -5 409 410 -5 -5 -5 415 420 -5 416 417 -5 -5 418 421 -5 419 422 -5 -5 -5 -5 -5 45 46 -5 47 -5 457 -5 442 443 -5 -5 439 444 -5 440 441 -5 -5 -5 387 388 -5 437 438 -5 -5 447 448 -5 449 450 -5 -5 -5 -5 333 336 -5 334 335 -5 -5 337 338 -5 339 340 -5 -5 -5 357 360 -5 358 359 -5 -5 451 452 -5 453 454 -5 -5 -5 -5 -5 -5 48 49 -5 50 51 -5 -5 464 -5 465 466 -5 -5 460 463 -5 461 462 -5 -5 -5 467 468 -5 469 470 -5 -5 472 473 -5 474 475 -5 -5 -5 -5 52 53 -5 58 59 -5 -5 486 -5 54 55 -5 56 57 -5 -5 481 -5 -5 482 484 -5 483 485 -5 -5 -5 445 446 -5 471 476 -5 -5 455 456 -5 458 459 -5 -5 -5 -5 -5 60 61 -5 63 65 -5 -5 495 -5 499 500 -5 -5 62 64 -5 66 67 -5 -5 496 -5 497 498 -5 -5 -5 487 488 -5 490 491 -5 -5 489 493 -5 492 494 -5 -5 -5 -5 390 391 -5 396 397 -5 -5 392 395 -5 393 394 -5 -5 -5 398 401 -5 399 400 -5 -5 402 405 -5 403 404 -5 -5 -5 -5 -5 -5 261 263 -5 262 264 -5 -5 282 283 -5 284 285 -5 -5 -5 265 266 -5 271 272 -5 -5 267 268 -5 269 270 -5 -5 -5 -5 287 294 -5 292 293 -5 -5 288 289 -5 290 291 -5 -5 -5 297 302 -5 303 304 -5 -5 298 299 -5 300 301 -5 -5 -5 -5 -5 309 312 -5 310 311 -5 -5 319 330 -5 331 332 -5 -5 -5 315 316 -5 317 318 -5 -5 320 321 -5 322 323 -5 -5 -5 -5 341 348 -5 342 343 -5 -5 344 345 -5 346 347 -5 -5 -5 349 350 -5 355 356 -5 -5 351 354 -5 352 353 -5 -5 -5 -5 -5 -5 -5 -5 -5 11 12 -5 13 -5 366 -5 107 116 -5 117 -5 -5 120 121 122 -5 -5 123 125 127 -5 -5 -5 -5 554 555 -5 556 557 -5 -5 -5 104 105 -5 106 -5 534 -5 533 535 -5 -5 536 537 -5 549 553 -5 -5 -5 -5 118 119 -5 124 126 -5 -5 546 -5 141 143 -5 142 144 -5 160 161 -5 -5 -5 -5 544 545 -5 547 548 -5 -5 -5 131 132 -5 133 134 -5 -5 552 -5 550 551 -5 -5 145 146 -5 147 148 -5 149 150 -5 -5 -5 154 155 -5 156 -5 566 -5 -5 -5 -5 -5 14 15 -5 16 17 -5 -5 328 329 -5 -5 324 325 -5 326 327 -5 -5 -5 249 250 -5 251 252 -5 -5 305 306 -5 307 308 -5 -5 -5 -5 240 241 -5 247 248 -5 -5 243 244 -5 245 246 -5 -5 -5 253 254 -5 259 260 -5 -5 255 258 -5 256 257 -5 -5 -5 -5 -5 94 95 -5 96 -5 523 -5 526 -5 558 560 -5 559 561 -5 -5 -5 205 206 -5 208 -5 582 -5 215 216 217 -5 -5 584 -5 -5 585 586 -5 -5 -5 587 588 -5 589 590 -5 -5 -5 -5 29 31 -5 33 -5 364 -5 30 32 -5 34 -5 363 -5 -5 37 38 -5 39 -5 362 -5 42 43 -5 44 -5 361 -5 -5 -5 181 182 -5 189 -5 578 -5 183 186 188 -5 -5 184 185 187 -5 -5 -5 -5 -5 164 165 166 -5 -5 572 -5 576 577 -5 -5 172 173 -5 175 -5 573 -5 574 575 -5 -5 -5 -5 108 109 -5 113 114 -5 -5 541 -5 542 543 -5 -5 110 111 -5 112 115 -5 -5 538 -5 539 540 -5 -5 -5 521 522 -5 524 525 -5 -5 527 528 -5 529 530 -5 -5 -5 -5 -5 -5 -5 22 23 -5 24 -5 365 -5 169 170 171 -5 -5 -5 179 180 -5 193 -5 203 204 -5 242 -5 -5 -5 128 129 -5 130 -5 151 152 -5 153 -5 -5 135 136 137 -5 -5 138 139 140 -5 -5 -5 -5 -5 190 191 192 -5 -5 579 -5 194 195 196 -5 -5 197 198 199 -5 -5 -5 -5 477 478 -5 479 480 -5 -5 -5 -5 25 26 -5 27 28 -5 -5 157 158 -5 159 -5 -5 313 314 -5 -5 571 581 -5 -5 200 201 -5 202 -5 580 -5 212 213 -5 214 -5 583 -5 -5 -5 562 564 -5 563 565 -5 -5 567 568 -5 569 570 -5 -5 -5 -5 -5 -5 -5 -5 
