600
1419 0.5 2
2405 0.5 2
1802 0.5 2
2479 0.5 2
551 0.5 2
1911 0.5 2
720 0.5 2
880 0.5 2
3100 0.5 2
656 0.5 2
936 0.5 2
2301 0.5 2
1708 0.5 2
2736 0.5 2
2709 0.5 2
3068 0.5 2
2052 0.5 2
2904 0.5 2
2448 0.5 2
1550 0.5 2
703 0.5 2
3200 0.5 2
1666 0.5 2
980 0.5 2
1260 0.5 2
2106 0.5 2
2200 0.5 2
1625 0.5 2
1794 0.5 2
1488 0.5 2
624 0.5 2
884 0.5 2
2279 0.5 2
770 0.5 2
1458 0.5 2
1178 0.5 2
2613 0.5 2
1200 0.5 2
1311 0.5 2
2860 0.5 2
754 0.5 2
1485 0.5 2
3286 0.5 2
2806 0.5 2
3055 0.5 2
1012 0.5 2
858 0.5 2
2145 0.5 2
1539 0.5 2
3055 0.5 2
2144 0.5 2
2166 0.5 2
2430 0.5 2
903 0.5 2
1098 0.5 2
1904 0.5 2
1071 0.5 2
846 0.5 2
1564 0.5 2
1850 0.5 2
920 0.5 2
759 0.5 2
1140 0.5 2
1620 0.5 2
2350 0.5 2
3192 0.5 2
4087 0.5 2
1760 0.5 2
3276 0.5 2
1458 0.5 2
1764 0.5 2
1408 0.5 2
3721 0.5 2
4087 0.5 2
1596 0.5 2
532 0.5 2
726 0.5 2
3762 0.5 2
1152 0.5 2
2460 0.5 2
928 0.5 2
2000 0.5 2
2679 0.5 2
352 0.5 2
1474 0.5 2
500 0.5 2
2072 0.5 2
1716 0.5 2
888 0.5 2
1026 0.5 2
1287 0.5 2
1848 0.5 2
416 0.5 2
2275 0.5 2
2419 0.5 2
969 0.5 2
2640 0.5 2
1139 0.5 2
1364 0.5 2
3234 0.5 2
405 0.5 2
432 0.5 2
572 0.5 2
945 0.5 2
1800 0.5 2
416 0.5 2
1026 0.5 2
1015 0.5 2
756 0.5 2
1100 0.5 2
465 0.5 2
984 0.5 2
323 0.5 2
1584 0.5 2
924 0.5 2
510 0.5 2
1890 0.5 2
1517 0.5 2
1892 0.5 2
828 0.5 2
221 0.5 2
1232 0.5 2
1015 0.5 2
680 0.5 2
432 0.5 2
1247 0.5 2
486 0.5 2
1520 0.5 2
288 0.5 2
870 0.5 2
560 0.5 2
1152 0.5 2
418 0.5 2
2070 0.5 2
348 0.5 2
312 0.5 2
810 0.5 2
348 0.5 2
399 0.5 2
156 0.5 2
893 0.5 2
684 0.5 2
1150 0.5 2
819 0.5 2
648 0.5 2
600 0.5 2
247 0.5 2
1680 0.5 2
952 0.5 2
1152 0.5 2
266 0.5 2
224 0.5 2
666 0.5 2
432 0.5 2
1020 0.5 2
806 0.5 2
1426 0.5 2
2256 0.5 2
625 0.5 2
1786 0.5 2
624 0.5 2
1395 0.5 2
1656 0.5 2
1656 0.5 2
495 0.5 2
299 0.5 2
1890 0.5 2
462 0.5 2
1260 0.5 2
972 0.5 2
720 0.5 2
1088 0.5 2
480 0.5 2
552 0.5 2
1462 0.5 2
740 0.5 2
1404 0.5 2
720 0.5 2
672 0.5 2
1000 0.5 2
540 0.5 2
480 0.5 2
936 0.5 2
1517 0.5 2
1292 0.5 2
1462 0.5 2
1716 0.5 2
2160 0.5 2
1276 0.5 2
840 0.5 2
1104 0.5 2
903 0.5 2
2115 0.5 2
480 0.5 2
589 0.5 2
1628 0.5 2
1518 0.5 2
600 0.5 2
455 0.5 2
680 0.5 2
1980 0.5 2
1080 0.5 2
1440 0.5 2
1156 0.5 2
588 0.5 2
1155 0.5 2
396 0.5 2
480 0.5 2
1406 0.5 2
1932 0.5 2
1638 0.5 2
273 0.5 2
750 0.5 2
864 0.5 2
1496 0.5 2
748 0.5 2
532 0.5 2
819 0.5 2
1672 0.5 2
1260 0.5 2
1296 0.5 2
1292 0.5 2
860 0.5 2
828 0.5 2
1085 0.5 2
1932 0.5 2
264 0.5 2
1075 0.5 2
1232 0.5 2
748 0.5 2
780 0.5 2
2160 0.5 2
702 0.5 2
645 0.5 2
1598 0.5 2
675 0.5 2
444 0.5 2
588 0.5 2
1176 0.5 2
1332 0.5 2
516 0.5 2
855 0.5 2
999 0.5 2
600 0.5 2
600 0.5 2
585 0.5 2
1584 0.5 2
1260 0.5 2
360 0.5 2
1034 0.5 2
713 0.5 2
756 0.5 2
304 0.5 2
1230 0.5 2
374 0.5 2
350 0.5 2
448 0.5 2
500 0.5 2
299 0.5 2
1408 0.5 2
432 0.5 2
2162 0.5 2
558 0.5 2
726 0.5 2
1476 0.5 2
357 0.5 2
1224 0.5 2
1332 0.5 2
984 0.5 2
936 0.5 2
1305 0.5 2
880 0.5 2
351 0.5 2
800 0.5 2
688 0.5 2
240 0.5 2
1254 0.5 2
1517 0.5 2
323 0.5 2
1564 0.5 2
760 0.5 2
840 0.5 2
1080 0.5 2
1287 0.5 2
1150 0.5 2
918 0.5 2
1023 0.5 2
1368 0.5 2
1480 0.5 2
528 0.5 2
999 0.5 2
544 0.5 2
1392 0.5 2
561 0.5 2
364 0.5 2
429 0.5 2
1681 0.5 2
1036 0.5 2
912 0.5 2
1116 0.5 2
1591 0.5 2
754 0.5 2
1326 0.5 2
420 0.5 2
1353 0.5 2
315 0.5 2
1470 0.5 2
924 0.5 2
540 0.5 2
1620 0.5 2
312 0.5 2
192 0.5 2
882 0.5 2
448 0.5 2
459 0.5 2
609 0.5 2
798 0.5 2
960 0.5 2
645 0.5 2
504 0.5 2
1110 0.5 2
585 0.5 2
850 0.5 2
418 0.5 2
945 0.5 2
1786 0.5 2
624 0.5 2
416 0.5 2
420 0.5 2
1152 0.5 2
990 0.5 2
480 0.5 2
966 0.5 2
208 0.5 2
594 0.5 2
1012 0.5 2
1053 0.5 2
840 0.5 2
1053 0.5 2
880 0.5 2
437 0.5 2
312 0.5 2
880 0.5 2
1258 0.5 2
481 0.5 2
864 0.5 2
1012 0.5 2
1404 0.5 2
1333 0.5 2
945 0.5 2
1054 0.5 2
1462 0.5 2
532 0.5 2
195 0.5 2
312 0.5 2
1833 0.5 2
273 0.5 2
561 0.5 2
1496 0.5 2
312 0.5 2
228 0.5 2
540 0.5 2
1296 0.5 2
2162 0.5 2
1035 0.5 2
675 0.5 2
2160 0.5 2
1326 0.5 2
550 0.5 2
666 0.5 2
345 0.5 2
1008 0.5 2
840 0.5 2
630 0.5 2
693 0.5 2
616 0.5 2
434 0.5 2
564 0.5 2
546 0.5 2
1677 0.5 2
682 0.5 2
540 0.5 2
1320 0.5 2
195 0.5 2
630 0.5 2
429 0.5 2
1476 0.5 2
882 0.5 2
1008 0.5 2
1221 0.5 2
432 0.5 2
1204 0.5 2
936 0.5 2
817 0.5 2
442 0.5 2
559 0.5 2
432 0.5 2
1178 0.5 2
1320 0.5 2
169 0.5 2
576 0.5 2
741 0.5 2
1435 0.5 2
846 0.5 2
832 0.5 2
1085 0.5 2
377 0.5 2
588 0.5 2
480 0.5 2
1564 0.5 2
1440 0.5 2
504 0.5 2
1512 0.5 2
2160 0.5 2
375 0.5 2
2070 0.5 2
396 0.5 2
858 0.5 2
646 0.5 2
360 0.5 2
924 0.5 2
1716 0.5 2
1014 0.5 2
1000 0.5 2
375 0.5 2
1296 0.5 2
1075 0.5 2
510 0.5 2
1748 0.5 2
444 0.5 2
459 0.5 2
592 0.5 2
736 0.5 2
648 0.5 2
722 0.5 2
495 0.5 2
336 0.5 2
336 0.5 2
858 0.5 2
1260 0.5 2
1148 0.5 2
256 0.5 2
836 0.5 2
1360 0.5 2
432 0.5 2
518 0.5 2
720 0.5 2
322 0.5 2
624 0.5 2
1240 0.5 2
1386 0.5 2
1296 0.5 2
999 0.5 2
306 0.5 2
688 0.5 2
598 0.5 2
550 0.5 2
912 0.5 2
779 0.5 2
2116 0.5 2
1050 0.5 2
1122 0.5 2
1665 0.5 2
525 0.5 2
2256 0.5 2
990 0.5 2
961 0.5 2
1628 0.5 2
840 0.5 2
722 0.5 2
504 0.5 2
1428 0.5 2
1122 0.5 2
684 0.5 2
522 0.5 2
621 0.5 2
168 0.5 2
384 0.5 2
1118 0.5 2
703 0.5 2
210 0.5 2
640 0.5 2
1056 0.5 2
703 0.5 2
1591 0.5 2
1776 0.5 2
576 0.5 2
855 0.5 2
1204 0.5 2
420 0.5 2
1080 0.5 2
1232 0.5 2
1008 0.5 2
903 0.5 2
240 0.5 2
900 0.5 2
1125 0.5 2
700 0.5 2
416 0.5 2
740 0.5 2
675 0.5 2
1920 0.5 2
950 0.5 2
1024 0.5 2
900 0.5 2
1302 0.5 2
1326 0.5 2
720 0.5 2
396 0.5 2
264 0.5 2
1012 0.5 2
234 0.5 2
828 0.5 2
1204 0.5 2
741 0.5 2
1110 0.5 2
1554 0.5 2
888 0.5 2
1365 0.5 2
864 0.5 2
675 0.5 2
1440 0.5 2
1290 0.5 2
455 0.5 2
507 0.5 2
504 0.5 2
1064 0.5 2
528 0.5 2
900 0.5 2
2024 0.5 2
1980 0.5 2
720 0.5 2
608 0.5 2
168 0.5 2
464 0.5 2
555 0.5 2
456 0.5 2
396 0.5 2
660 0.5 2
1023 0.5 2
192 0.5 2
850 0.5 2
1242 0.5 2
2024 0.5 2
725 0.5 2
1530 0.5 2
1122 0.5 2
372 0.5 2
425 0.5 2
484 0.5 2
390 0.5 2
432 0.5 2
1089 0.5 2
480 0.5 2
1848 0.5 2
156 0.5 2
798 0.5 2
504 0.5 2
476 0.5 2
864 0.5 2
432 0.5 2
589 0.5 2
360 0.5 2
2162 0.5 2
864 0.5 2
1353 0.5 2
432 0.5 2
658 0.5 2
925 0.5 2
1288 0.5 2
990 0.5 2
1190 0.5 2
775 0.5 2
924 0.5 2
500 0.5 2
408 0.5 2
320 0.5 2
651 0.5 2
320 0.5 2
1845 0.5 2
399 0.5 2
630 0.5 2
396 0.5 2
592 0.5 2
380 0.5 2
572 0.5 2
624 0.5 2
528 0.5 2
960 0.5 2
620 0.5 2
1258 0.5 2
1554 0.5 2
616 0.5 2
1806 0.5 2
1806 0.5 2
900 0.5 2
624 0.5 2
1645 0.5 2
880 0.5 2
1360 0.5 2
